Trial,Sat_Config,Total_Rods,Nominal,Reached_Steady_State,Lock_Day,W_Mag(deg/s),Wx,Wy,Wz,q0,q1,q2,q3,Sat_Guard_Count
1,3U,4,No,No,999.990000,12.247449,10.000000,5.000000,5.000000,1.000000,0.000000,0.000000,0.000000,0.000000
2,1U,4,Yes,Yes,4.652889,1.677308,0.076483,0.979809,1.359222,0.285295,-0.268457,-0.251705,0.884976,0.000000
3,1U,4,No,Yes,6.897148,14.105512,-8.234876,10.815286,-3.765882,-0.491499,0.269472,0.258555,0.786742,170.000000
4,1U,4,Yes,Yes,1.523248,8.409576,-7.361274,-0.326114,4.052933,-0.145901,-0.288373,0.923845,0.205097,590.000000
5,1U,4,No,Yes,4.845986,14.606028,-3.086520,14.110479,-2.168836,0.141586,-0.850381,-0.506636,0.011210,0.000000
6,1U,4,Yes,Yes,9.339666,6.230072,3.443854,-3.573269,3.766354,-0.061142,0.762772,-0.250356,0.593096,518.000000
7,1U,4,No,Yes,8.313441,14.438902,-3.746072,-9.029028,-10.626641,-0.468319,0.835695,-0.277918,-0.071081,231.000000
8,1U,4,No,Yes,3.542845,29.167409,5.055770,21.510670,-19.038593,-0.086453,0.748660,0.247640,-0.608858,1223.000000
9,1U,4,No,Yes,1.699617,9.756326,9.178657,2.580605,2.068485,-0.750035,0.486659,-0.126422,-0.429685,22.000000
10,1U,4,No,Yes,12.067511,26.419500,17.562800,9.646024,17.218949,0.063510,-0.070819,0.211953,-0.972639,130.000000
11,1U,4,Yes,Yes,1.288328,4.734585,-3.132949,1.462610,3.234455,-0.501095,-0.846198,0.169630,-0.063859,1108.000000
12,1U,4,No,Yes,2.568394,13.796130,10.624887,-8.800130,0.051824,0.304613,0.448432,0.346633,-0.765484,482.000000
13,1U,4,Yes,Yes,1.095660,2.198235,0.596912,-1.875033,-0.979890,-0.572555,-0.323901,0.664424,-0.354697,872.000000
14,1U,4,No,Yes,4.186966,28.353232,14.699815,24.189948,1.633280,0.172375,0.661271,0.022628,0.729723,102.000000
15,1U,4,No,No,999.990000,25.169992,0.237942,-2.360414,25.057939,-0.215287,-0.604534,-0.547181,0.537386,103624230.000000
16,1U,4,Yes,Yes,0.462303,0.523574,-0.311582,0.284579,-0.309937,-0.743780,0.441873,0.350122,0.359102,1418.000000
17,1U,4,No,Yes,18.386231,9.745072,-3.031600,8.465227,-3.757094,0.585995,-0.477435,0.577159,-0.309119,157.000000
18,1U,4,No,Yes,4.236366,30.984108,-20.451018,12.689073,19.513028,0.709126,-0.605818,0.308216,0.187422,140.000000
19,1U,4,Yes,Yes,6.385367,5.627157,-4.182688,0.407086,-3.742231,0.076317,0.345870,0.842608,0.405661,0.000000
20,1U,4,No,Yes,9.723025,33.365325,-23.460244,23.408795,-3.858773,0.081802,0.459215,0.882903,-0.053964,157.000000
21,1U,4,Yes,Yes,9.659255,6.272758,2.271264,5.515271,1.941814,0.024523,-0.657960,-0.748741,-0.076640,713.000000
22,1U,4,Yes,Yes,5.073218,3.251447,-1.274335,-0.097524,-2.989727,-0.250185,0.278689,-0.181907,0.909203,0.000000
23,1U,4,No,Yes,9.658152,22.934430,-0.947277,13.186625,18.740428,0.062592,0.852265,-0.327600,-0.402995,157.000000
24,1U,4,Yes,No,999.990000,7.917868,-2.267026,-3.430264,6.766573,0.821586,-0.123315,0.360817,-0.423794,405.000000
25,1U,4,No,Yes,2.582235,12.561854,11.668433,3.491635,3.075113,0.227105,-0.612086,0.130191,-0.746207,361.000000
26,1U,4,No,Yes,5.567833,26.193859,13.362090,-21.404171,7.030949,0.904228,0.181764,-0.382516,0.054915,168.000000
27,1U,4,Yes,Yes,8.986582,7.367746,-4.852141,2.756078,4.810867,-0.223491,0.119592,0.626623,0.736948,240.000000
28,1U,4,No,Yes,10.365313,14.541180,0.086306,3.080869,14.210795,-0.712748,0.649929,0.145283,-0.220171,242.000000
29,1U,4,Yes,Yes,24.417702,5.488862,-2.746649,-4.490635,1.554906,0.586672,0.100577,0.764377,-0.247847,1021.000000
30,1U,4,Yes,Yes,1.083969,0.526516,-0.316338,0.143472,-0.395683,0.939558,0.059082,0.080482,0.327509,2783.000000
31,1U,4,No,Yes,8.025892,10.900128,7.099152,-0.018643,-8.271304,-0.370631,0.021957,-0.510644,0.775496,295.000000
32,1U,4,No,No,999.990000,26.104821,12.942076,-4.477191,22.224291,-0.700129,0.222880,-0.659865,-0.157236,103650014.000000
33,1U,4,Yes,Yes,0.194004,1.603877,-0.976742,1.020035,0.760214,-0.935495,-0.107072,0.275123,-0.194141,0.000000
34,1U,4,Yes,Yes,8.312319,6.733537,3.690265,5.627187,-0.239238,-0.432391,0.461972,0.762969,0.132281,965.000000
35,1U,4,No,Yes,7.509742,11.787059,8.128533,8.268497,2.119829,-0.546780,-0.076975,-0.209046,0.807097,224.000000
36,1U,4,No,No,999.990000,18.185296,9.033980,-7.650673,13.804326,-0.747318,-0.331525,-0.566513,-0.103299,103633524.000000
37,1U,4,No,Yes,6.323521,23.753781,-13.511532,10.824386,16.263864,-0.242719,-0.782495,-0.528365,0.222756,64.000000
38,1U,4,No,Yes,9.050252,17.283385,-13.638145,-6.259177,-8.575493,-0.096604,0.386865,-0.361185,0.842941,127.000000
39,1U,4,Yes,Yes,2.856535,3.329601,0.482038,3.219418,0.699447,-0.024193,-0.689151,0.715052,0.114833,497.000000
40,1U,4,No,Yes,7.413613,14.933559,-11.382171,0.393585,9.659320,-0.549053,-0.830877,-0.006702,0.090221,333.000000
41,1U,4,Yes,Yes,0.814626,5.435747,3.439681,1.867846,-3.771881,-0.500590,0.433951,-0.063361,0.746379,551.000000
42,1U,4,No,Yes,15.846908,28.215659,-20.707011,-10.098243,-16.290137,0.983959,0.114449,-0.125257,0.055110,63.000000
43,1U,4,No,Yes,21.401385,31.778909,11.142204,-15.664322,25.305718,0.408557,-0.129230,-0.604256,-0.671756,112.000000
44,1U,4,No,No,999.990000,30.548190,-19.396553,17.961468,-15.308536,-0.599064,0.351553,-0.716025,0.069579,103663656.000000
45,1U,4,No,Yes,4.493616,17.710304,-12.288114,2.646863,-12.476027,-0.560382,0.433642,0.142172,-0.691168,207.000000
46,1U,4,No,Yes,8.375485,9.380737,-3.896934,4.646601,7.156901,0.312186,0.126882,-0.921739,0.191931,560.000000
47,1U,4,Yes,Yes,1.285388,7.190866,1.978608,-4.492626,-5.254519,0.762553,-0.121435,-0.473392,-0.423870,406.000000
48,1U,4,No,Yes,7.860889,12.762832,3.510092,5.426885,-11.005365,-0.166243,-0.497089,-0.358672,-0.772412,268.000000
49,1U,4,No,No,999.990000,33.847842,9.646059,-20.713543,24.971566,-0.498352,-0.438706,-0.258693,0.701612,103661539.000000
50,1U,4,No,No,999.990000,21.571892,-9.436430,-12.461689,-14.866291,0.949662,-0.148415,0.152618,0.229834,130.000000
51,1U,4,No,No,999.990000,28.823407,-1.399434,28.466363,4.300765,0.724026,-0.005224,0.688062,-0.048270,15.000000
52,1U,4,No,Yes,21.465763,16.499325,-7.072122,2.751310,-14.650704,0.536078,-0.072297,0.325126,0.775685,305.000000
53,1U,4,No,Yes,9.499476,23.664230,20.805673,-4.083660,10.509208,0.055933,-0.434904,-0.178111,-0.880912,141.000000
54,1U,4,No,Yes,3.378550,21.411082,12.107986,17.226048,3.885148,0.112665,-0.936328,-0.332124,0.017014,187.000000
55,1U,4,No,Yes,11.678962,33.546643,-26.718579,19.686305,-4.893287,0.243126,-0.520117,0.361733,0.734518,31.000000
56,1U,4,Yes,Yes,0.751646,3.020095,-2.838062,0.987712,0.301337,-0.835297,0.453492,0.182835,0.251385,1514.000000
57,1U,4,Yes,Yes,0.707962,2.995348,-2.241959,-1.733881,-0.969220,-0.522872,0.281475,0.798782,0.096561,794.000000
58,1U,4,Yes,Yes,2.856806,0.299888,-0.257531,-0.086276,-0.127150,-0.259689,0.384182,0.292228,-0.836402,2232.000000
59,1U,4,Yes,Yes,0.608872,0.642262,0.232399,-0.564371,-0.199944,0.639203,0.063573,-0.159906,-0.749539,3107.000000
60,1U,4,No,Yes,9.529505,18.881392,18.493702,1.925892,3.283423,-0.670710,-0.289179,-0.140218,-0.668478,92.000000
61,1U,4,No,Yes,2.565484,20.280861,11.574986,-8.298922,14.438176,-0.433517,0.687997,0.476566,0.334077,240.000000
62,1U,4,No,Yes,4.053587,32.224693,4.303538,-31.893486,-1.648026,0.514611,-0.787255,-0.270581,-0.205407,201.000000
63,1U,4,Yes,Yes,3.560685,5.447075,1.050313,-4.016420,3.526449,-0.250549,-0.744508,-0.171027,-0.594713,424.000000
64,1U,4,No,Yes,8.502560,30.794040,-7.756646,2.424982,-29.702303,0.384671,0.393108,-0.494345,-0.673140,675.000000
65,1U,4,No,Yes,10.526993,12.229122,-5.122835,1.125042,11.047274,-0.290794,-0.300606,0.025594,0.907976,249.000000
66,1U,4,Yes,Yes,13.381348,5.884038,3.565413,3.576818,3.019288,0.366649,-0.295831,-0.222570,0.853531,570.000000
67,1U,4,No,Yes,9.723366,15.186028,-1.830977,-0.742241,15.056960,0.195347,0.153894,-0.099981,-0.963411,226.000000
68,1U,4,No,No,999.990000,12.578407,2.771197,-7.498082,-9.711620,0.967097,-0.150233,0.200113,-0.045907,243.000000
69,1U,4,No,Yes,10.428698,23.066609,-16.189116,-9.461293,-13.433723,0.246204,0.747926,0.558857,-0.260132,76.000000
70,1U,4,No,Yes,13.700057,14.408988,2.710995,14.137565,0.631424,0.241308,0.136528,-0.641921,-0.714890,443.000000
71,1U,4,No,Yes,8.759584,17.269945,2.828937,-12.576717,11.492358,0.072110,-0.631447,-0.071460,-0.768745,210.000000
72,1U,4,No,Yes,3.245236,24.487447,-10.764850,-17.427293,-13.417992,0.320158,-0.882869,0.253791,-0.231584,123.000000
73,1U,4,No,No,999.990000,29.629403,-16.634591,24.284037,3.387840,0.950328,0.143116,0.275069,0.027041,94.000000
74,1U,4,Yes,Yes,1.201386,5.711483,5.603153,0.726957,0.835015,-0.232200,-0.882648,-0.152330,0.379225,218.000000
75,1U,4,No,Yes,2.544365,20.746079,-11.577536,-7.016530,15.720330,0.161235,-0.736412,-0.611469,0.240429,238.000000
76,1U,4,Yes,Yes,11.390586,5.963466,-3.397396,1.785162,-4.564408,0.432609,0.375952,-0.140936,0.807246,119.000000
77,1U,4,No,No,999.990000,20.777442,-14.027957,-12.480580,-8.896833,-0.631724,0.501703,0.563879,0.176803,103618739.000000
78,1U,4,No,No,999.990000,29.884292,-11.480901,24.765890,12.161846,-0.389172,-0.616366,0.432844,0.530362,103642767.000000
79,1U,4,No,Yes,2.072460,12.756832,-1.751909,-12.542587,1.533329,0.292789,0.030394,0.686175,0.665218,355.000000
80,1U,4,No,Yes,9.498828,33.143413,1.049418,30.380193,-13.207136,0.254389,0.291232,0.728001,-0.566114,84.000000
81,1U,4,No,Yes,5.138073,15.758716,-4.862989,3.348597,14.610797,-0.467395,-0.785060,0.403252,-0.051093,328.000000
82,1U,4,Yes,Yes,0.302733,1.611579,0.563386,1.498081,0.188510,0.750231,-0.061758,-0.470328,0.460578,0.000000
83,1U,4,No,Yes,20.312851,14.885180,10.958499,-0.597368,10.055994,0.627800,-0.731912,0.252462,0.080222,187.000000
84,1U,4,No,Yes,6.611001,19.524727,-2.637491,-19.165355,2.635863,-0.321446,0.802293,-0.500871,0.046119,130.000000
85,1U,4,No,No,999.990000,22.086496,-13.475169,7.562433,-15.781089,-0.994126,0.020916,-0.001369,-0.106177,103619213.000000
86,1U,4,No,Yes,16.717025,24.470813,-23.442528,2.090135,-6.700739,0.286294,0.510121,-0.797293,0.148780,200.000000
87,1U,4,No,No,999.990000,28.590101,-27.269684,-6.196060,5.947016,-0.696562,0.532234,0.457591,-0.148793,103633773.000000
88,1U,4,Yes,Yes,10.365631,0.162748,0.077520,-0.098893,0.103430,0.149019,-0.953302,-0.254725,-0.064214,3574.000000
89,1U,4,No,Yes,22.622139,25.450186,16.212664,-18.199837,-7.323075,0.683400,0.069364,-0.437752,-0.580109,93.000000
90,1U,4,No,Yes,10.077603,18.206416,11.451492,-3.956160,13.589912,-0.285865,0.687713,-0.588107,0.315375,235.000000
91,1U,4,No,Yes,6.449348,21.178487,-4.611741,-12.583786,16.398429,-0.330803,-0.501797,-0.286816,0.745993,487.000000
92,1U,4,Yes,Yes,0.925994,3.736871,-3.667886,0.696789,-0.159087,0.026922,-0.247284,0.806065,0.537015,977.000000
93,1U,4,No,No,999.990000,29.706847,-10.409536,0.059895,-27.823276,-0.215721,0.377983,-0.815736,-0.381010,103622941.000000
94,1U,4,Yes,Yes,6.737414,2.911238,0.862270,-2.188874,-1.714827,0.454315,0.358223,-0.423323,-0.697188,823.000000
95,1U,4,No,Yes,16.460716,30.629080,5.710527,-29.886184,3.513752,0.249483,0.306095,0.627532,-0.671020,129.000000
96,1U,4,No,No,999.990000,19.168511,-7.066626,-12.446216,-12.750933,-0.797117,-0.230811,-0.387563,-0.401405,103641235.000000
97,1U,4,No,Yes,6.643244,14.735819,2.496047,-10.992355,-9.491165,-0.068777,0.060316,0.971733,0.217637,253.000000
98,1U,4,No,Yes,2.503367,15.325756,-4.555134,13.736022,5.044924,0.552512,-0.086338,-0.585158,0.587253,258.000000
99,1U,4,Yes,Yes,6.035451,3.108770,-0.010133,1.306638,2.820823,0.053030,0.031537,-0.938611,-0.339415,676.000000
100,1U,4,No,Yes,1.852204,10.689714,9.092470,-4.823518,2.886286,0.157710,-0.767000,0.039348,0.620718,146.000000
101,1U,4,No,No,999.990000,23.596080,-18.725633,11.038594,9.180146,-0.813832,0.481279,-0.130681,0.298278,103630665.000000
102,1U,4,No,No,999.990000,16.237773,11.631101,3.972311,10.611480,0.734400,-0.512657,0.417843,-0.152467,308.000000
103,1U,4,Yes,Yes,7.349939,6.255106,-6.112411,0.380641,1.272752,0.247818,0.353956,-0.315884,-0.844700,1292.000000
104,1U,4,Yes,Yes,1.381163,1.057559,-0.980693,-0.336631,-0.208212,-0.185566,0.672293,-0.065728,-0.713629,0.000000
105,1U,4,Yes,Yes,1.197886,6.237010,5.542670,1.030634,2.667750,-0.406848,-0.846637,-0.253276,-0.231369,550.000000
106,1U,4,No,Yes,3.467675,16.805475,5.405469,-15.105287,-5.003521,-0.327718,0.356198,-0.785597,0.385436,155.000000
107,1U,4,Yes,No,999.990000,4.933420,-2.280955,-3.362731,2.797841,0.942705,0.067706,0.269188,-0.185099,664.000000
108,1U,4,No,Yes,8.537719,16.870013,0.066744,-12.618190,11.197060,-0.624451,-0.271733,-0.716059,0.153237,205.000000
109,1U,4,Yes,Yes,1.231841,4.785052,-1.258786,2.883093,3.605546,0.717099,0.571656,-0.388968,-0.087654,709.000000
110,1U,4,No,Yes,16.493695,21.027706,-15.915888,-1.567177,13.652579,0.533281,0.252767,-0.548734,-0.592124,240.000000
111,1U,4,No,Yes,20.313256,25.441060,-9.806890,23.456145,0.938984,0.440976,-0.190518,-0.857043,-0.186336,132.000000
112,1U,4,Yes,Yes,5.008915,3.090949,3.043576,-0.012584,0.538938,0.334133,-0.724423,-0.469534,-0.378291,1006.000000
113,1U,4,No,No,999.990000,17.122247,10.210514,8.638090,10.691125,0.901420,0.033873,0.360195,0.237809,252.000000
114,1U,4,No,Yes,5.743603,12.608967,-8.408693,-1.087337,9.332610,0.278574,0.665678,-0.289484,0.628863,308.000000
115,1U,4,No,Yes,5.486219,31.273489,-21.265489,13.942562,18.204809,0.336784,-0.463180,-0.817754,0.057612,127.000000
116,1U,4,No,Yes,2.609012,19.241017,16.181965,-0.224538,10.407225,-0.502700,-0.308213,-0.616393,-0.521878,204.000000
117,1U,4,No,Yes,8.759440,11.909967,10.697669,4.176809,-3.156178,-0.396196,0.829297,-0.328584,0.217550,67.000000
118,1U,4,No,Yes,11.487345,9.567933,1.917672,8.134867,4.657448,-0.061918,0.100253,-0.475109,-0.872002,469.000000
119,1U,4,Yes,Yes,2.470793,2.427827,-0.378974,1.634826,1.754442,-0.740406,-0.571445,0.055384,-0.349547,803.000000
120,1U,4,No,Yes,6.449720,24.441857,-12.669390,-3.902359,20.534423,-0.117765,-0.627654,0.767531,0.055478,1121.000000
121,1U,4,No,Yes,7.960896,17.637323,8.739221,-6.902775,13.676728,0.244505,0.876569,-0.308132,-0.277307,101.000000
122,1U,4,No,Yes,2.191826,15.202508,6.559080,3.080934,-13.364227,0.003302,-0.505889,-0.707155,0.493961,287.000000
123,1U,4,Yes,Yes,1.334895,6.364003,3.728158,5.147123,0.329380,0.299900,0.477544,-0.823434,-0.062984,342.000000
124,1U,4,No,No,999.990000,24.990401,8.009290,-22.794776,6.385109,-0.405058,-0.103407,-0.629779,-0.654686,103621105.000000
125,1U,4,Yes,Yes,10.621236,7.233231,-4.537001,-2.896206,-4.831898,0.328832,-0.822963,-0.425571,0.183001,418.000000
126,1U,4,No,No,999.990000,18.002883,-13.763697,0.980302,11.563021,-0.618572,0.679247,-0.063843,-0.389764,103624573.000000
127,1U,4,No,No,999.990000,30.851701,-3.468472,12.625224,27.935656,-0.516461,0.829473,-0.106059,-0.184375,103677760.000000
128,1U,4,No,No,999.990000,24.482045,6.258432,23.033308,-5.446951,-0.810159,-0.399366,0.395299,-0.166997,103642401.000000
129,1U,4,Yes,No,999.990000,1.162818,0.615885,0.986187,0.016265,0.883553,0.040209,0.239251,-0.400596,1979.000000
130,1U,4,Yes,Yes,0.610078,0.757514,0.530419,-0.493399,0.221450,0.155746,-0.579650,-0.721990,0.344209,935.000000
131,1U,4,No,Yes,15.020003,33.529130,-7.051863,-21.980650,24.317172,0.280134,-0.875901,-0.367009,0.140092,137.000000
132,1U,4,No,Yes,25.381170,18.298972,-14.935223,-7.578806,7.372461,0.619514,-0.134383,0.207317,0.745093,161.000000
133,1U,4,No,Yes,28.397367,29.940264,-11.251004,26.687800,7.589180,0.616366,-0.466236,-0.435949,-0.461158,61.000000
134,1U,4,No,Yes,19.412530,11.612584,0.299459,-10.001469,5.893475,0.405264,0.258519,-0.866964,0.131540,272.000000
135,1U,4,No,Yes,3.403008,31.328490,14.482138,3.353302,27.577116,0.220401,-0.054797,-0.873384,-0.430837,548.000000
136,1U,4,No,Yes,5.680911,8.899228,8.568424,2.248018,0.851338,-0.786162,0.558749,0.155780,0.213265,148.000000
137,1U,4,No,Yes,3.084707,21.276202,5.104973,-19.888526,-5.573379,0.103394,-0.265666,-0.104189,0.952825,137.000000
138,1U,4,No,Yes,7.961728,18.350386,-9.147207,8.645838,-13.353454,-0.333090,0.237363,0.117885,-0.904883,159.000000
139,1U,4,No,Yes,9.752253,28.250732,11.839661,14.856458,20.909614,0.149572,0.401941,0.480792,-0.764795,117.000000
140,1U,4,No,Yes,8.377113,19.322013,-14.957849,11.231899,-4.842250,-0.120702,0.495138,-0.117673,-0.852304,72.000000
141,1U,4,No,Yes,2.172914,13.963275,13.190372,1.234738,-4.411641,-0.829835,0.265861,-0.195614,-0.449919,217.000000
142,1U,4,Yes,Yes,6.037994,6.587723,4.494796,-3.977868,-2.715045,-0.841568,-0.183084,0.038152,0.506742,676.000000
143,1U,4,Yes,Yes,2.857562,4.006150,2.436815,2.297085,-2.198765,-0.114653,-0.811843,0.042727,-0.570911,1289.000000
144,1U,4,No,Yes,27.370325,18.289988,-0.875300,9.475985,-15.619321,0.674009,-0.499964,-0.511936,0.183491,210.000000
145,1U,4,No,Yes,4.653687,10.119202,-8.053072,4.122727,-4.533145,-0.923775,-0.015076,0.325546,-0.201077,0.000000
146,1U,4,No,Yes,22.302698,29.313171,11.561351,16.809111,21.048775,0.496569,-0.164627,0.323962,0.788267,103.000000
147,1U,4,No,Yes,5.010490,12.474649,5.537469,-11.162962,-0.584445,-0.382293,-0.094311,-0.915883,-0.078203,352.000000
148,1U,4,No,No,999.990000,28.434824,-26.036627,-3.897756,10.744335,-0.455554,0.316442,0.787807,0.267758,103645718.000000
149,1U,4,No,Yes,4.097038,32.145776,7.133745,24.938465,-18.987720,0.689339,-0.475576,-0.322772,0.440974,128.000000
150,1U,4,Yes,Yes,1.414525,6.877596,6.415363,-1.659616,1.841226,0.193007,-0.960662,0.124752,-0.155930,786.000000
151,1U,4,Yes,Yes,4.945975,5.102599,-0.457186,-0.724535,5.030164,-0.323541,0.807235,-0.452453,0.197432,680.000000
152,1U,4,Yes,Yes,0.496079,0.735989,0.596760,-0.215708,0.372862,-0.485346,-0.198748,-0.429966,-0.734893,1406.000000
153,1U,4,No,Yes,1.829929,11.792551,-5.090206,-6.820508,-8.163010,0.034589,0.878542,-0.291048,0.377171,476.000000
154,1U,4,No,Yes,7.253995,11.165072,-4.794745,1.929890,-9.896705,-0.679599,-0.401002,0.152364,0.595086,323.000000
155,1U,4,No,Yes,5.137591,8.919970,-5.362024,-1.365408,-6.996444,0.195713,0.620769,-0.553541,0.519553,360.000000
156,1U,4,No,Yes,1.643490,11.004290,9.168545,-2.837412,5.383426,0.222444,-0.109749,-0.208571,0.946030,300.000000
157,1U,4,No,No,999.990000,17.698779,-2.083122,-14.668021,-9.682798,0.955092,0.228196,-0.091489,0.165397,171.000000
158,1U,4,No,Yes,2.493499,11.779892,-8.647378,7.801602,1.767408,-0.384370,-0.431302,0.357456,0.733801,556.000000
159,1U,4,No,Yes,11.391814,18.345078,2.631593,17.919421,2.917349,-0.012693,-0.453079,0.523282,0.721620,172.000000
160,1U,4,No,No,999.990000,34.228616,5.937359,-27.960496,-18.829673,-0.458216,0.818822,0.227442,-0.260458,103665442.000000
161,1U,4,Yes,Yes,4.459788,2.942228,-1.110065,2.690157,-0.433029,-0.374866,0.643402,0.219636,0.630293,1637.000000
162,1U,4,No,Yes,7.670211,17.494132,-14.781355,-3.609160,-8.633086,-0.566411,0.210248,0.754093,-0.257522,327.000000
163,1U,4,No,No,999.990000,24.147486,-6.591974,-1.249824,23.196657,-0.439817,-0.612709,-0.612522,0.236570,103626007.000000
164,1U,4,Yes,Yes,0.809742,2.349738,-1.395861,0.607892,1.789779,-0.542431,-0.680211,-0.296997,0.393540,1231.000000
165,1U,4,No,No,999.990000,34.301983,-27.380179,-10.107886,18.021722,0.758872,0.377010,0.520910,-0.103104,170.000000
166,1U,4,Yes,Yes,0.932310,5.235937,0.379577,-4.165133,3.150019,-0.591657,-0.208730,0.566693,0.534072,836.000000
167,1U,4,No,Yes,24.355472,9.323680,1.085271,-9.210210,-0.961885,0.590103,-0.326575,-0.052635,-0.736449,0.000000
168,1U,4,No,Yes,13.317598,22.587590,-6.508845,-13.677800,-16.755653,0.485999,-0.124150,0.663436,0.555197,109.000000
169,1U,4,No,No,999.990000,28.888679,-11.249906,20.354050,-17.137912,-0.773778,-0.142548,-0.238051,-0.569455,103649842.000000
170,1U,4,No,Yes,2.343137,14.998374,2.128648,13.957808,5.059611,-0.321063,-0.650963,0.635225,0.263923,235.000000
171,1U,4,No,Yes,6.323588,17.769361,4.997413,-16.196802,5.332884,0.277682,0.330935,0.404738,0.805954,255.000000
172,1U,4,No,No,999.990000,25.767510,-16.820200,-13.407155,-14.187798,-0.354662,0.816939,0.250413,-0.379629,103634865.000000
173,1U,4,No,Yes,1.669362,9.879682,9.812751,1.139698,0.138290,0.461722,0.620148,-0.072746,-0.630029,312.000000
174,1U,4,No,No,999.990000,32.488758,-29.606355,-6.557841,11.660955,0.643463,-0.051346,-0.680475,0.346802,19.000000
175,1U,4,No,Yes,13.732198,16.904333,-13.646755,7.782660,6.241214,0.440659,-0.683012,0.170172,-0.557096,336.000000
176,1U,4,No,Yes,10.427708,8.936512,3.260519,8.288803,0.725264,0.029945,-0.578904,-0.814240,0.031407,518.000000
177,1U,4,No,Yes,2.695633,17.636460,6.266578,-9.713092,13.320307,0.840224,0.467042,-0.180047,-0.208514,173.000000
178,1U,4,Yes,Yes,0.468176,1.946643,-0.853499,1.088070,1.370059,-0.415955,0.759575,0.004346,0.500009,825.000000
179,1U,4,Yes,Yes,0.739756,3.224041,-0.146134,-1.900178,-2.600464,0.795447,0.196826,0.572889,0.017965,1450.000000
180,1U,4,No,Yes,11.039961,14.201055,7.913194,2.411513,-11.542786,0.462307,0.150220,-0.296388,-0.822107,232.000000
181,1U,4,No,Yes,12.354225,27.180802,23.585103,9.132330,-9.956879,0.616227,0.477431,-0.125013,0.613755,206.000000
182,1U,4,No,Yes,7.348598,16.905039,-3.214868,13.923295,9.032543,-0.508727,0.533249,0.128252,0.663622,264.000000
183,1U,4,No,Yes,1.401642,11.476674,-1.583735,5.425165,-9.988665,-0.189528,-0.283915,0.072828,-0.937106,160.000000
184,1U,4,No,No,999.990000,19.750271,1.599039,-0.337839,19.682534,-0.674592,0.300492,-0.299962,-0.603865,103642168.000000
185,1U,4,Yes,Yes,3.819549,3.439453,3.140526,0.668119,1.233108,0.189028,-0.882715,-0.403712,0.148660,1073.000000
186,1U,4,No,No,999.990000,10.589161,3.457055,8.149422,5.810854,0.914889,0.042900,0.080096,0.393347,218.000000
187,1U,4,No,Yes,23.648964,19.009488,-16.123914,9.900312,1.834080,0.495728,-0.252798,0.150717,0.817087,145.000000
188,1U,4,Yes,Yes,3.754147,0.624143,0.375183,-0.366419,0.338422,0.349539,0.561134,0.630846,0.406184,1226.000000
189,1U,4,No,No,999.990000,28.872315,7.473534,8.457114,26.575065,-0.723867,-0.237525,-0.433241,0.481560,103674176.000000
190,1U,4,No,No,999.990000,22.275829,3.963028,21.919350,-0.221407,-0.859552,-0.456254,0.171624,0.153454,103605723.000000
191,1U,4,No,Yes,8.025803,22.436368,11.212415,-12.109425,-15.199809,-0.218342,-0.413172,0.644825,0.604827,98.000000
192,1U,4,Yes,Yes,0.493831,2.443257,1.130217,1.165623,1.825770,0.658060,-0.150435,-0.686609,-0.269992,1055.000000
193,1U,4,Yes,Yes,5.359642,4.207254,-3.248720,1.023962,-2.469475,0.298619,-0.851003,0.274970,-0.333184,724.000000
194,1U,4,No,Yes,7.287589,15.861552,3.695200,-7.054700,-13.717344,-0.512066,-0.721306,-0.174990,0.432301,196.000000
195,1U,4,Yes,Yes,1.379910,0.576675,0.285128,0.426841,0.262798,-0.097920,0.496465,-0.861620,-0.039313,975.000000
196,1U,4,No,No,999.990000,24.026766,-20.824216,-8.592347,8.355182,0.758193,-0.300347,0.540419,-0.207079,136.000000
197,1U,4,Yes,Yes,19.348950,3.120897,0.488147,1.127750,-2.868779,0.643885,-0.192796,-0.554396,-0.490803,759.000000
198,1U,4,No,Yes,3.695920,27.748135,-8.679936,-12.759823,23.060889,0.685272,-0.173560,-0.670749,-0.224445,101.000000
199,1U,4,No,No,999.990000,28.386107,8.949849,-21.233070,-16.577938,0.896013,-0.008980,0.258535,-0.360889,84.000000
200,1U,4,Yes,Yes,10.813969,7.210747,-2.388427,-5.211888,4.373387,-0.088039,-0.203655,-0.525649,0.821259,321.000000
201,1U,4,Yes,Yes,4.112269,2.141857,0.451838,-2.069251,-0.318735,-0.656205,0.313556,-0.478824,-0.491738,875.000000
202,1.5U,4,No,Yes,7.670267,12.507577,-8.171606,8.319002,-4.523113,-0.319581,-0.569221,0.705077,-0.276989,475.000000
203,1.5U,4,No,No,999.990000,32.296093,8.286530,-28.217177,-13.347730,-0.276544,-0.648719,-0.681317,-0.196197,103466774.000000
204,1.5U,4,No,Yes,14.407872,26.866515,23.072753,-0.658176,13.748618,0.573309,-0.206439,0.784706,-0.113736,161.000000
205,1.5U,4,No,Yes,14.344854,21.811095,15.574088,-3.835451,14.780424,0.384224,0.100150,-0.869466,0.293889,175.000000
206,1.5U,4,No,Yes,14.406569,30.706657,-18.359085,24.259767,4.160108,0.478025,-0.272014,-0.255559,-0.795104,58.000000
207,1.5U,4,No,Yes,14.343975,27.378646,-8.445349,0.464079,26.039412,0.237505,0.515161,0.823516,-0.004601,0.000000
208,1.5U,4,No,No,999.990000,32.694355,-19.180162,22.298463,14.276582,-0.277415,0.045342,-0.954249,-0.101953,103633059.000000
209,1.5U,4,No,Yes,23.424749,34.783188,2.276951,19.776157,-28.523487,0.525820,0.516387,-0.494116,0.461202,92.000000
210,1.5U,4,No,Yes,7.190696,26.812496,-16.811876,8.328364,19.154872,-0.103066,0.993275,0.049490,-0.018245,71.000000
211,1.5U,4,No,No,999.990000,16.065298,-15.344745,1.858199,-4.379463,0.888876,-0.235151,0.198041,-0.339680,0.000000
212,1.5U,4,No,Yes,9.722834,14.310827,-6.323440,-11.034643,6.561291,0.338136,0.102949,0.721360,-0.595572,228.000000
213,1.5U,4,Yes,Yes,11.647460,7.855526,5.744426,0.113054,5.357059,0.451008,0.280678,-0.704235,0.471025,369.000000
214,1.5U,4,No,Yes,3.497530,10.136042,0.227817,-8.066385,6.133586,-0.393266,-0.036838,0.807188,0.438671,467.000000
215,1.5U,4,No,No,999.990000,32.979571,-19.912195,1.128004,-26.265647,-0.969929,0.189191,-0.151786,-0.020121,103669593.000000
216,1.5U,4,Yes,Yes,10.492538,6.663315,-5.979509,-2.767420,-0.993293,0.045691,0.790466,0.585810,-0.172922,0.000000
217,1.5U,4,No,Yes,8.473613,10.212699,5.821403,4.504200,7.079736,-0.592124,-0.086564,0.672612,-0.435304,309.000000
218,1.5U,4,No,Yes,5.939554,31.928581,-17.724065,-21.616246,15.428213,0.405620,-0.573602,0.634495,0.322288,75.000000
219,1.5U,4,No,Yes,8.503055,23.192478,0.192068,-23.154567,1.311552,0.453112,-0.554005,-0.261520,0.647592,150.000000
220,1.5U,4,No,Yes,3.113122,13.120803,-8.389795,-7.727582,6.484695,0.292789,-0.144031,0.691987,0.643959,254.000000
221,1.5U,4,No,Yes,4.945612,14.877401,5.862538,3.969026,-13.084897,-0.397520,0.148433,-0.440286,0.791261,255.000000
222,1.5U,4,No,No,999.990000,34.633776,2.792854,-34.299952,-3.900213,-0.529504,0.548578,0.647037,-0.005573,103647799.000000
223,1.5U,4,No,Yes,2.181653,11.780947,2.002425,4.195678,-10.824847,-0.514741,-0.674939,-0.117377,0.515482,228.000000
224,1.5U,4,No,Yes,7.349013,13.905071,-13.693257,-2.405513,0.243359,-0.653348,0.199907,0.718956,-0.127576,412.000000
225,1.5U,4,Yes,Yes,3.434333,6.206904,-4.894016,-1.195165,3.625719,-0.578834,0.031522,-0.808075,-0.104745,21.000000
226,1.5U,4,Yes,Yes,7.860668,2.452269,-1.869167,1.585611,0.075318,0.060075,-0.426110,0.503754,0.749035,958.000000
227,1.5U,4,No,No,999.990000,21.326026,2.275585,19.304236,-8.773118,-0.539456,0.529994,-0.544028,-0.363493,103407617.000000
228,1.5U,4,No,Yes,24.418295,27.145869,-22.674536,1.568998,-14.842570,0.571096,-0.321510,-0.327213,-0.680744,88.000000
229,1.5U,4,No,Yes,7.509602,10.565675,2.747370,7.525716,6.888327,0.141382,-0.257656,0.656515,0.694703,240.000000
230,1.5U,4,Yes,Yes,7.797955,6.572713,6.247909,-0.366510,2.007454,-0.552162,0.782546,-0.282115,-0.056121,411.000000
231,1.5U,4,No,No,999.990000,12.515689,1.469566,-2.228743,12.227655,0.864392,0.300312,0.117866,-0.385678,403.000000
232,1.5U,4,No,Yes,6.546207,8.942471,0.580441,-5.884039,6.708872,0.457359,0.839994,0.204668,0.208189,320.000000
233,1.5U,4,No,No,999.990000,25.264248,-5.172832,-22.872767,9.400030,-0.800041,0.394451,0.162031,0.422005,103658810.000000
234,1.5U,4,Yes,Yes,9.499218,3.692220,-3.684525,0.056106,-0.231549,0.486137,-0.325989,-0.250081,0.771273,1388.000000
235,1.5U,4,No,Yes,12.611465,25.401256,23.602212,-1.648811,-9.243419,0.123713,-0.856381,-0.146615,-0.479385,104.000000
236,1.5U,4,Yes,Yes,5.008846,6.898353,4.510675,-1.197964,-5.079958,-0.769753,-0.235197,-0.069743,0.589320,603.000000
237,1.5U,4,No,Yes,10.686328,24.453991,6.869481,6.197979,-22.636098,0.205929,-0.405442,-0.744720,-0.488469,186.000000
238,1.5U,4,No,No,999.990000,21.410559,8.302743,10.558697,16.673044,-0.675476,0.135212,0.590608,-0.420276,103645684.000000
239,1.5U,4,No,No,999.990000,32.551944,0.435202,4.569880,32.226633,-0.638809,0.557992,-0.220763,-0.481489,103664620.000000
240,1.5U,4,Yes,Yes,8.987939,4.805445,2.406693,1.300401,3.950834,0.070229,0.347146,-0.549668,0.756587,947.000000
241,1.5U,4,No,Yes,4.560303,16.542943,-15.759111,2.890317,4.118911,-0.470651,-0.185582,0.545956,-0.667817,149.000000
242,1.5U,4,No,No,999.990000,32.364354,-8.985072,31.001291,2.374841,-0.251229,0.293919,0.402889,-0.829564,103576509.000000
243,1.5U,4,No,No,999.990000,29.639993,14.865376,24.512687,-7.528475,-0.889081,0.314041,-0.325457,0.070651,103664782.000000
244,1.5U,4,Yes,Yes,5.422189,0.504708,0.216109,0.028095,-0.455233,-0.481369,0.039446,-0.671510,0.561963,1549.000000
245,1.5U,4,No,No,999.990000,27.854067,20.334275,18.306708,-5.218307,0.720602,0.073677,0.640589,-0.254852,121.000000
246,1.5U,4,No,Yes,22.302122,32.011849,-15.039939,28.257845,0.229991,0.811893,0.343911,-0.471704,0.007071,0.000000
247,1.5U,4,Yes,Yes,0.839898,2.359207,-2.331283,-0.276943,-0.232985,-0.653761,0.300441,0.333639,0.609112,2380.000000
248,1.5U,4,No,Yes,5.059370,20.751198,-7.904421,-18.919064,-3.193954,0.729235,0.455714,-0.501931,-0.092773,113.000000
249,1.5U,4,No,Yes,12.675854,26.626699,9.224141,24.366542,5.492535,-0.140259,0.783989,0.510861,-0.323589,336.000000
250,1.5U,4,No,Yes,7.413183,8.999290,0.045780,-5.215603,-7.333663,-0.597429,-0.237414,-0.756611,0.119387,525.000000
251,1.5U,4,No,No,999.990000,20.101048,-12.992174,-14.333526,5.459450,0.718786,-0.693346,0.040898,0.030749,161.000000
252,1.5U,4,No,Yes,8.599692,30.658126,-21.279099,21.284192,5.839848,0.486620,-0.115218,0.078173,0.862447,64.000000
253,1.5U,4,No,Yes,9.180476,9.460505,-3.508986,-8.346656,2.742536,-0.264058,0.746468,0.607665,-0.061669,141.000000
254,1.5U,4,No,Yes,4.945659,8.762685,2.628690,-5.429583,-6.355648,-0.365735,-0.315312,0.459036,0.745722,356.000000
255,1.5U,4,No,No,999.990000,27.477646,1.482920,27.432303,0.539196,-0.192622,0.250287,-0.804729,0.502657,103316807.000000
256,1.5U,4,No,No,999.990000,24.575919,-15.187684,-19.214942,-2.023874,-0.350227,-0.134527,-0.563808,0.735774,103532402.000000
257,1.5U,4,No,No,999.990000,25.824220,-12.725941,20.782541,8.545569,-0.409838,-0.365232,0.773016,-0.317937,103617756.000000
258,1.5U,4,No,Yes,3.690302,9.913582,5.944533,7.661020,2.061652,0.288893,0.736682,-0.604338,0.092819,0.000000
259,1.5U,4,No,Yes,9.051575,15.690819,-13.328508,8.254687,0.642493,-0.554332,0.097155,-0.590538,0.578396,231.000000
260,1.5U,4,No,Yes,20.631439,12.376790,-6.785241,0.359952,10.344847,0.725984,-0.398812,0.319204,0.460440,255.000000
261,1.5U,4,No,No,999.990000,22.146453,-18.105030,12.027829,-4.243183,-0.322486,-0.283236,-0.225730,0.874544,103319336.000000
262,1.5U,4,Yes,Yes,2.345186,6.943885,-2.384405,-6.367449,1.409877,-0.362555,0.211522,0.325535,0.847254,685.000000
263,1.5U,4,No,Yes,8.694877,15.615593,9.608479,-10.881415,-5.754885,-0.306806,-0.866342,-0.388322,-0.067281,124.000000
264,1.5U,4,Yes,Yes,0.765670,0.287624,-0.017065,-0.286563,-0.017834,-0.689394,-0.485515,-0.360108,-0.399165,2410.000000
265,1.5U,4,No,No,999.990000,24.698335,6.884097,-7.459494,22.516059,0.843092,0.081558,0.517942,0.119500,212.000000
266,1.5U,4,No,No,999.990000,26.205989,-1.420816,5.011997,-25.682972,0.928358,0.172045,-0.311579,-0.107100,197.000000
267,1.5U,4,No,Yes,8.218029,16.525846,16.484702,0.456303,-1.072380,-0.409259,0.845728,0.190468,0.284556,270.000000
268,1.5U,4,No,Yes,5.374043,34.119164,7.266463,-17.900411,-28.122788,0.149258,0.454509,-0.866969,-0.139677,160.000000
269,1.5U,4,No,Yes,15.370790,26.254141,-4.480428,-24.294303,-8.887773,0.631938,0.302536,0.178535,0.690834,35.000000
270,1.5U,4,No,Yes,5.131502,21.733965,13.012760,-5.129640,-16.634906,0.918445,-0.071026,0.380580,-0.081073,214.000000
271,1.5U,4,No,No,999.990000,20.738520,-3.549486,8.062027,18.774745,-0.387524,-0.485118,0.176361,0.763795,103634231.000000
272,1.5U,4,No,Yes,6.167694,34.220067,-18.763157,-26.320622,11.233069,0.421235,-0.264076,0.376144,0.781883,186.000000
273,1.5U,4,No,Yes,8.089418,12.593726,-8.078524,7.267538,-6.365711,0.092907,0.926483,0.243677,-0.271329,98.000000
274,1.5U,4,No,Yes,7.412093,10.536089,-10.092843,1.002902,2.852698,-0.856381,0.467415,0.190052,-0.109615,267.000000
275,1.5U,4,No,Yes,6.611062,9.194133,-4.094433,-5.691205,5.947931,-0.530599,-0.830015,0.092029,-0.145156,317.000000
276,1.5U,4,No,Yes,3.316161,14.221580,11.757187,-1.623572,-7.834916,0.606835,-0.645205,0.447313,0.123986,338.000000
277,1.5U,4,No,Yes,18.482959,34.784192,0.890251,-34.733927,1.643700,0.468523,0.734266,-0.451736,0.193066,112.000000
278,1.5U,4,Yes,Yes,25.318066,3.157757,-0.244156,2.940148,1.125764,0.798203,0.030535,-0.480524,0.361989,919.000000
279,1.5U,4,No,Yes,8.025418,9.249331,6.214304,6.722374,-1.319942,0.085710,-0.754483,0.639626,0.119530,0.000000
280,1.5U,4,Yes,Yes,5.136872,8.425437,-8.058846,0.638871,2.373780,-0.347050,-0.611467,0.058396,-0.708698,317.000000
281,1.5U,4,No,Yes,9.052101,31.528663,-26.965008,-9.685352,-13.158225,0.423020,0.493561,0.318395,0.689983,93.000000
282,1.5U,4,No,Yes,11.649192,15.670467,2.762953,14.870092,-4.100002,0.102792,-0.992927,-0.052832,0.027173,93.000000
283,1.5U,4,Yes,Yes,7.411296,5.966142,-2.127906,0.664295,-5.534038,0.173108,-0.452835,-0.632932,-0.603631,561.000000
284,1.5U,4,No,Yes,3.453528,15.616867,-14.660666,3.190089,4.332982,-0.962586,-0.118467,0.012407,-0.243393,173.000000
285,1.5U,4,No,Yes,5.773888,23.544248,-23.356890,2.732202,1.149943,-0.343935,0.635108,0.639028,0.264555,487.000000
286,1.5U,4,No,No,999.990000,24.255112,12.333518,12.512906,-16.721902,-0.507131,0.348683,-0.722615,-0.314746,103401795.000000
287,1.5U,4,No,Yes,2.943258,15.502035,-1.711655,-10.259347,11.494743,-0.184520,-0.847654,0.309952,-0.389057,238.000000
288,1.5U,4,No,Yes,8.761755,13.300435,11.013767,7.011818,2.536317,-0.669211,0.493912,-0.473751,0.289426,252.000000
289,1.5U,4,No,No,999.990000,28.347953,5.580505,-27.768265,-1.178064,-0.375252,-0.210150,0.902009,0.037445,103451210.000000
290,1.5U,4,No,No,999.990000,34.916413,-24.826957,21.855063,11.186348,-0.955323,0.035215,0.287825,-0.057225,103674846.000000
291,1.5U,4,No,No,999.990000,32.824733,29.154468,-14.248557,-4.945571,-0.749873,-0.007163,-0.349583,-0.561632,103669910.000000
292,1.5U,4,No,Yes,2.827870,8.979989,-7.398038,-1.609355,-4.828996,0.888731,0.224227,0.381381,-0.120120,553.000000
293,1.5U,4,No,Yes,25.479025,28.857406,25.912785,4.982538,11.681258,0.556083,-0.377447,0.368574,-0.642230,163.000000
294,1.5U,4,Yes,Yes,0.523542,0.262650,-0.114179,0.235284,-0.024286,0.058946,-0.057001,0.771888,-0.630449,1244.000000
295,1.5U,4,No,Yes,6.736921,12.189825,-10.933233,-5.377540,-0.371893,-0.344094,0.149200,-0.821468,0.429568,489.000000
296,1.5U,4,No,No,999.990000,28.057790,10.422239,17.423191,19.366179,-0.596279,0.322889,0.409072,-0.610618,103674601.000000
297,1.5U,4,No,Yes,13.701970,21.864887,18.820536,-10.873330,2.373052,0.102976,0.979541,-0.162892,0.057982,175.000000
298,1.5U,4,No,Yes,19.476166,20.910501,7.847273,-12.262297,-15.010178,0.488113,0.223969,-0.813518,0.223098,174.000000
299,1.5U,4,No,Yes,12.067633,12.860417,1.440035,-12.447626,-2.893654,0.133050,0.279051,0.554763,0.772442,253.000000
300,1.5U,4,No,No,999.990000,34.180141,-9.088167,-32.824238,2.873448,-0.836938,0.499080,0.133013,0.181001,103561508.000000
301,1.5U,4,No,Yes,10.428180,21.659114,-12.657806,9.736337,-14.632187,0.404196,-0.243907,-0.772941,0.423907,141.000000
302,1.5U,4,No,Yes,4.972938,25.652743,1.920869,22.829719,11.540250,0.034407,0.823651,0.346235,-0.447813,93.000000
303,1.5U,4,No,No,999.990000,29.358916,-18.886142,18.306742,-13.043113,-0.536474,0.437026,0.664318,-0.282640,103654245.000000
304,1.5U,4,Yes,No,999.990000,6.403208,5.629290,-0.963733,-2.895408,0.808716,0.231735,0.148917,0.519713,489.000000
305,1.5U,4,Yes,No,999.990000,4.100038,0.430872,-3.420562,-2.219102,0.835750,-0.457712,-0.246044,-0.177438,0.000000
306,1.5U,4,No,No,999.990000,21.953234,-18.406685,11.726611,-2.371708,0.927168,0.095832,-0.093384,-0.349935,16.000000
307,1.5U,4,Yes,Yes,4.684335,6.311962,-3.354935,-1.496101,-5.132930,-0.082376,-0.860537,-0.498766,0.062624,396.000000
308,1.5U,4,Yes,Yes,7.127913,4.104467,1.717673,3.644122,-0.785253,-0.527201,-0.126693,0.833810,0.103769,830.000000
309,1.5U,4,No,Yes,2.134641,11.734862,0.007529,-7.836396,8.734863,0.003050,-0.599350,-0.496595,0.627825,239.000000
310,1.5U,4,No,Yes,8.025197,10.951546,-10.934866,-0.087659,0.597809,0.153882,0.330413,-0.148405,0.919306,187.000000
311,1.5U,4,No,Yes,22.622100,23.608493,-9.785424,19.568247,-8.870747,0.517131,0.161643,-0.651095,0.531528,184.000000
312,1.5U,4,No,Yes,13.541942,19.482393,-13.138599,12.430916,7.239696,0.298883,0.213214,-0.861096,-0.351743,156.000000
313,1.5U,4,No,Yes,5.858481,31.393363,-22.278880,-15.276308,-15.994660,0.582656,0.789738,-0.188180,-0.037600,94.000000
314,1.5U,4,Yes,Yes,12.003703,4.821511,0.062731,-4.122042,2.500360,0.596901,0.482019,0.488603,0.415493,1064.000000
315,1.5U,4,No,Yes,7.445421,19.630683,11.871237,-11.198230,-10.910413,-0.550581,0.384436,0.569986,0.473483,24.000000
316,1.5U,4,No,Yes,3.475486,18.189646,12.946348,-3.876689,-12.174834,-0.407452,-0.845540,0.314164,-0.142638,316.000000
317,1.5U,4,No,Yes,11.648097,14.999541,-14.863176,1.645243,1.168496,0.518333,-0.132928,0.804756,-0.256963,167.000000
318,1.5U,4,Yes,Yes,11.392263,2.171655,1.358064,1.284075,1.105846,0.390608,-0.507830,0.706618,0.300373,892.000000
319,1.5U,4,No,No,999.990000,30.261269,26.817121,11.331217,-8.257722,-0.771650,-0.509637,-0.169280,0.340838,103644276.000000
320,1.5U,4,Yes,Yes,5.550064,6.714621,3.469787,4.834493,3.110368,-0.809446,-0.493252,-0.278011,-0.155593,431.000000
321,1.5U,4,No,Yes,6.484468,19.573871,-4.209372,2.524712,18.948441,-0.493389,-0.085118,-0.743742,-0.442912,1080.000000
322,1.5U,4,No,Yes,9.465145,30.999362,21.644906,8.880367,-20.337098,-0.086857,-0.394884,-0.232136,-0.884667,1701.000000
323,1.5U,4,No,Yes,5.743126,28.251842,13.413875,22.290280,-11.017167,0.251463,0.203406,0.561901,-0.761354,99.000000
324,1.5U,4,Yes,Yes,4.112084,3.293240,2.446184,2.057914,0.791583,-0.449656,-0.225481,-0.543253,0.672194,961.000000
325,1.5U,4,No,No,999.990000,25.354169,-12.097719,15.910996,-15.598695,-0.506451,-0.372338,0.292329,-0.720705,103648082.000000
326,1.5U,4,Yes,Yes,6.449262,6.851994,0.705814,4.897629,4.739713,0.453693,-0.727887,0.512077,0.046046,335.000000
327,1.5U,4,No,Yes,9.950924,25.123310,-22.969165,7.849602,-6.479343,-0.137797,0.118528,0.638945,-0.747471,419.000000
328,1.5U,4,No,Yes,6.897606,29.846708,27.970136,-5.744101,8.689234,0.841186,0.408665,0.150291,-0.320644,132.000000
329,1.5U,4,No,Yes,8.024299,22.669702,8.516420,16.893985,12.489165,0.933208,0.147985,-0.277852,-0.173269,112.000000
330,1.5U,4,No,Yes,16.334376,34.787639,20.694041,26.003808,10.282921,0.108813,-0.497946,-0.855000,0.095840,533.000000
331,1.5U,4,No,Yes,3.924291,19.512866,3.863127,19.126510,0.069118,-0.330328,0.116494,0.934137,-0.068555,323.000000
332,1.5U,4,No,No,999.990000,23.769607,19.687896,12.550672,-4.456639,-0.388845,0.495801,0.120924,-0.767045,103402210.000000
333,1.5U,4,No,No,999.990000,31.460238,29.493091,-0.368153,10.943886,-0.871838,-0.123219,0.413294,-0.232174,103673516.000000
334,1.5U,4,Yes,Yes,2.113131,7.872034,5.838250,-3.105727,-4.270622,0.270400,0.117771,-0.576439,0.762058,643.000000
335,1.5U,4,No,Yes,4.690971,22.902222,21.955047,-1.368427,6.372997,0.363901,0.519869,0.608094,-0.477006,34.000000
336,1.5U,4,No,Yes,5.359512,10.455439,9.655079,-2.133164,3.397831,0.269062,-0.733118,-0.610476,-0.132149,318.000000
337,1.5U,4,Yes,Yes,6.449765,2.975573,2.955831,-0.316891,-0.129150,0.189244,0.719310,0.655079,0.132857,1525.000000
338,1.5U,4,No,Yes,6.586830,30.987284,24.249083,-14.259616,12.994502,0.203745,0.480193,-0.778362,0.349363,222.000000
339,1.5U,4,No,No,999.990000,23.932512,-10.137033,21.588091,1.989984,-0.742316,0.393236,0.477263,-0.257977,103600979.000000
340,1.5U,4,Yes,Yes,0.581408,1.121959,-0.135864,-0.874366,-0.689794,-0.018819,0.444002,-0.361614,-0.819600,986.000000
341,1.5U,4,No,Yes,11.455399,34.950632,-17.502454,-29.783096,5.308296,0.060416,-0.861850,-0.016450,-0.503283,1575.000000
342,1.5U,4,No,Yes,1.527197,13.807337,-0.117614,-1.375944,-13.738104,0.659436,-0.440248,-0.398286,-0.461187,245.000000
343,1.5U,4,No,No,999.990000,29.759701,-19.526156,-6.892003,21.374502,-0.522860,0.430912,0.045493,0.734073,103664867.000000
344,1.5U,4,No,Yes,6.482426,34.199422,-10.426133,6.908343,-31.830348,0.073839,-0.858657,0.389441,-0.324949,2985.000000
345,1.5U,4,No,No,999.990000,26.198082,4.981829,18.098926,-18.274292,-0.527165,-0.231432,0.817272,-0.024554,103670132.000000
346,1.5U,4,Yes,Yes,2.343979,7.269933,2.092038,6.046457,3.451907,0.022829,-0.075683,-0.793365,-0.603592,354.000000
347,1.5U,4,No,Yes,8.599377,18.543446,-4.153156,7.867607,16.269955,0.463425,0.368249,-0.753024,0.287376,210.000000
348,1.5U,4,Yes,Yes,4.334697,2.602474,-1.833856,0.474243,-1.784639,-0.826290,0.141154,-0.261240,0.478616,947.000000
349,1.5U,4,No,Yes,19.411017,16.385671,3.240006,15.902642,-2.257993,0.739780,-0.468641,0.348377,-0.334267,200.000000
350,1.5U,4,No,No,999.990000,22.383603,9.041994,-9.184920,18.300417,0.889303,0.396366,0.136496,-0.182764,200.000000
351,1.5U,4,No,Yes,4.287723,21.826999,17.019469,5.590406,12.470080,0.164786,-0.790591,-0.497077,-0.317374,199.000000
352,1.5U,4,No,No,999.990000,28.706336,3.444651,-16.313744,-23.367710,0.907245,0.016473,-0.411951,-0.083259,152.000000
353,1.5U,4,No,Yes,5.743618,12.871287,8.139963,3.028962,-9.499285,-0.267228,-0.734478,0.458883,-0.422561,328.000000
354,1.5U,4,No,Yes,3.783928,19.243332,-4.827386,-6.163098,17.578919,0.910625,0.029927,-0.170982,-0.375009,0.000000
355,1.5U,4,No,Yes,11.488615,33.754940,11.473370,-31.520564,3.769854,0.554064,-0.280940,-0.782900,0.033953,104.000000
356,1.5U,4,No,Yes,1.763484,14.594306,-1.913084,-2.117428,14.312595,0.421052,0.170847,-0.671313,0.585548,274.000000
357,1.5U,4,No,Yes,2.631593,11.005353,1.961747,-1.248007,-10.756943,0.932980,0.067877,0.229051,-0.269215,439.000000
358,1.5U,4,Yes,Yes,14.406433,8.341108,8.311637,-0.037783,0.699528,0.478522,0.242658,-0.834267,-0.127012,637.000000
359,1.5U,4,Yes,Yes,3.434079,6.559864,-2.256554,-5.389410,2.982289,0.423203,-0.795771,0.261776,0.345140,0.000000
360,1.5U,4,No,No,999.990000,22.787403,1.212511,22.706739,1.483085,-0.297311,0.229217,-0.868036,0.324930,103432235.000000
361,1.5U,4,No,Yes,12.417828,18.024127,9.035394,9.665380,-12.239740,0.138394,0.044654,-0.162926,0.975863,124.000000
362,1.5U,4,No,Yes,7.295992,33.534371,6.740213,32.729324,2.813347,0.559807,-0.776425,-0.157369,0.242933,170.000000
363,1.5U,4,Yes,No,999.990000,3.682015,1.813745,1.807272,2.646003,0.753705,-0.379183,-0.508400,0.172272,804.000000
364,1.5U,4,Yes,Yes,2.315578,7.621022,-2.615335,7.148737,0.368188,0.720738,0.393574,0.209550,0.530778,694.000000
365,1.5U,4,No,No,999.990000,31.742820,-1.536068,-28.562435,-13.763519,-0.771245,0.291337,-0.565626,-0.019274,103593433.000000
366,1.5U,4,Yes,Yes,1.045016,2.784052,-1.443110,1.999039,1.293144,-0.494227,-0.471922,-0.725072,-0.085441,0.000000
367,1.5U,4,No,Yes,5.617238,14.484336,-12.495414,3.907527,6.196114,-0.728199,-0.458590,0.478812,-0.173667,128.000000
368,1.5U,4,No,Yes,14.056262,33.231540,-30.377257,-1.297639,-13.411697,0.039561,-0.370872,0.722020,0.582732,386.000000
369,1.5U,4,Yes,Yes,1.516854,4.805204,-1.282415,-4.248647,1.842388,0.473693,-0.813039,0.336509,0.036659,498.000000
370,1.5U,4,No,Yes,3.213033,13.224491,9.871985,6.989002,5.346487,0.313327,0.141894,-0.925508,0.158515,449.000000
371,1.5U,4,Yes,Yes,0.417060,1.450356,-0.601160,-0.247309,-1.296525,0.164466,-0.085595,0.461572,-0.867512,887.000000
372,1.5U,4,No,No,999.990000,25.941569,13.176244,-13.766253,-17.602326,-0.365514,0.004255,-0.193172,-0.910530,103604918.000000
373,1.5U,4,No,Yes,12.417039,21.069069,0.044896,20.988694,-1.838041,-0.045549,-0.265065,-0.438907,0.857337,12.000000
374,1.5U,4,No,Yes,8.631586,15.249141,6.956280,11.380364,7.391468,-0.841436,0.419953,0.166875,0.296272,220.000000
375,1.5U,4,No,No,999.990000,26.005869,-24.186936,3.769341,8.780058,-0.263474,0.255072,0.554130,0.747301,103633808.000000
376,1.5U,4,No,No,999.990000,29.079944,2.879220,-13.944752,-25.355416,-0.886519,-0.398212,0.225019,0.069839,103630559.000000
377,1.5U,4,No,Yes,4.535059,23.542947,17.686844,-12.013297,-9.855283,-0.211236,0.383693,-0.688017,0.578612,255.000000
378,1.5U,4,No,Yes,4.877436,27.726964,19.152431,5.477097,-19.286532,0.213307,0.029699,-0.478527,-0.851252,176.000000
379,1.5U,4,No,Yes,6.643909,16.356257,-2.960948,-10.588137,-12.109966,-0.160633,-0.144975,0.081890,0.972869,174.000000
380,1.5U,4,No,Yes,13.318083,21.698525,-16.326817,-6.704789,12.621682,0.155329,-0.084982,0.320388,-0.930592,46.000000
381,1.5U,4,Yes,Yes,5.360744,4.999872,2.089727,1.729971,-4.199875,-0.346600,0.737159,-0.054596,0.577480,614.000000
382,1.5U,4,No,Yes,9.401354,15.023137,11.214435,-4.624838,8.862392,0.039397,0.663008,-0.514661,0.542210,165.000000
383,1.5U,4,No,Yes,4.538737,33.330492,-13.357685,5.877867,-29.965724,0.525687,-0.084820,-0.081999,0.842458,94.000000
384,1.5U,4,No,Yes,4.784623,11.419737,-7.342297,-6.199398,6.169971,-0.983159,0.080827,-0.038502,-0.159318,267.000000
385,1.5U,4,No,No,999.990000,24.698906,-18.480251,-16.012972,-3.478645,-0.913912,0.180272,-0.267844,0.246020,103578929.000000
386,1.5U,4,No,No,999.990000,25.565903,20.159836,-12.452136,-9.598997,-0.244579,0.373457,-0.778013,0.442047,103383086.000000
387,1.5U,4,No,No,999.990000,21.727572,-17.135232,-8.803997,-10.047929,-0.958027,0.247506,-0.031563,-0.141168,103615231.000000
388,1.5U,4,No,Yes,6.323825,20.757527,0.402035,13.751041,-15.544200,-0.377278,0.210943,-0.776043,0.459261,200.000000
389,1.5U,4,No,Yes,9.752556,16.640161,-3.277420,15.889071,-3.700122,0.099217,0.529158,0.779458,-0.320301,309.000000
390,1.5U,4,Yes,Yes,6.512649,2.332489,1.637599,-1.048307,1.288342,-0.251783,0.909469,-0.313782,-0.104939,1574.000000
391,1.5U,4,No,Yes,6.836102,31.918945,15.435445,-6.462403,27.180939,0.008567,-0.675581,-0.482341,-0.557552,2282.000000
392,1.5U,4,No,No,999.990000,26.181268,21.697652,-5.015650,-13.766406,-0.508823,0.736295,-0.291809,0.337368,103609558.000000
393,1.5U,4,No,Yes,7.064024,16.086319,13.021771,-9.217430,-2.059638,-0.006439,0.733156,0.677177,-0.062227,137.000000
394,1.5U,4,No,Yes,5.724847,27.800769,23.769600,14.127929,2.879330,0.736161,0.121813,0.623880,-0.232382,117.000000
395,1.5U,4,Yes,Yes,3.532839,5.548275,-0.290974,4.315284,3.475199,-0.896758,-0.427883,-0.101188,-0.050034,576.000000
396,1.5U,4,No,No,999.990000,20.708664,-7.413240,-17.339082,-8.558557,-0.684343,-0.682543,-0.155556,0.203991,103638040.000000
397,1.5U,4,No,Yes,5.422057,16.564605,11.178321,-0.540366,-12.212260,0.315674,0.579873,0.007634,-0.751025,225.000000
398,1.5U,4,No,No,999.990000,26.031319,-25.650336,2.643650,3.563833,-0.550410,-0.723143,0.100447,-0.404998,103637189.000000
399,1.5U,4,No,Yes,4.335351,20.809000,1.864497,-17.417422,11.232610,0.049479,0.324366,0.455120,0.827771,221.000000
400,1.5U,4,No,Yes,5.521422,11.534677,-2.951274,-4.885174,10.023663,-0.948864,-0.032149,-0.267320,-0.164814,206.000000
401,1.5U,4,No,Yes,8.153439,26.125419,-5.702813,15.094702,-20.546664,-0.001340,0.132392,-0.554283,0.821730,142.000000
402,2U,4,No,No,999.990000,30.566249,0.456145,18.144264,-24.594170,-0.190816,0.290809,-0.918807,0.186581,103661020.000000
403,2U,4,No,Yes,10.663547,33.101271,20.045207,-26.236439,-2.352243,0.826232,-0.514506,-0.014018,0.228970,172.000000
404,2U,4,No,Yes,11.648608,24.877658,-16.658971,11.889535,14.142684,0.391172,-0.367213,-0.179491,0.824574,465.000000
405,2U,4,No,Yes,4.182905,27.790339,-7.444455,-0.567541,26.768656,0.319917,0.275135,-0.322438,-0.847342,127.000000
406,2U,4,No,No,999.990000,27.785130,-16.984718,-21.989375,0.014525,-0.700040,0.244357,-0.027184,-0.670444,103280987.000000
407,2U,4,No,Yes,6.261179,16.360916,5.165894,6.949620,-13.881495,-0.108412,-0.556910,0.454712,0.686539,321.000000
408,2U,4,No,Yes,7.542014,26.592467,9.372837,24.368764,-5.047034,-0.135388,-0.427586,-0.662965,0.599431,545.000000
409,2U,4,No,No,999.990000,26.284208,2.766128,25.947292,-3.153752,-0.872505,-0.464567,0.138736,-0.060530,103590874.000000
410,2U,4,No,Yes,10.366035,30.975285,11.414053,28.761453,-1.402316,0.181373,0.651352,0.352391,0.647043,105.000000
411,2U,4,No,Yes,1.575245,9.016393,-2.415577,-1.104594,-8.616276,0.227035,-0.052789,0.499807,-0.834183,219.000000
412,2U,4,No,Yes,3.731638,11.096108,7.369445,8.153505,1.528151,-0.041202,0.121618,-0.984934,0.115834,311.000000
413,2U,4,No,Yes,11.875734,32.069434,24.184436,19.928426,-6.813189,0.092138,-0.749135,0.654663,0.041525,522.000000
414,2U,4,No,No,999.990000,29.000398,-27.353674,7.649008,5.855961,0.638199,-0.056725,0.760945,-0.102209,54.000000
415,2U,4,No,Yes,17.487045,10.547927,6.515250,-7.034765,-4.395720,0.680014,-0.065850,-0.427013,0.592373,173.000000
416,2U,4,No,Yes,5.462854,21.697265,-2.394158,16.620822,13.740000,-0.017470,-0.973044,0.080878,-0.215264,28.000000
417,2U,4,Yes,Yes,0.744924,0.373552,-0.223755,0.290196,-0.072535,-0.153502,-0.700260,0.648214,-0.256692,2158.000000
418,2U,4,No,Yes,7.796757,13.037732,1.943287,-10.254098,7.814062,0.550073,0.732480,0.014687,0.400845,271.000000
419,2U,4,No,Yes,3.346073,9.223933,9.062073,-0.916963,-1.455663,0.087453,0.052312,0.955211,0.277825,256.000000
420,2U,4,Yes,Yes,8.473545,2.273971,1.256487,1.656054,-0.921774,-0.152159,0.790836,-0.591930,0.032314,0.000000
421,2U,4,Yes,Yes,1.095576,3.916361,-1.777772,-1.503870,3.148934,-0.501756,0.661168,0.420588,0.366339,798.000000
422,2U,4,No,No,999.990000,27.698064,19.649526,-17.507007,8.636177,-0.261665,-0.298895,0.905697,-0.148005,101699909.000000
423,2U,4,Yes,Yes,7.799140,4.156359,2.006353,-3.617105,0.407943,-0.203525,0.047304,-0.851338,0.481211,0.000000
424,2U,4,No,No,999.990000,9.303013,7.473856,-4.201388,3.610522,0.814916,-0.234868,0.441392,0.293125,635.000000
425,2U,4,No,Yes,6.512575,8.998315,5.801796,6.563311,-2.057131,0.550017,0.704817,-0.222701,-0.388740,179.000000
426,2U,4,No,Yes,12.451163,27.588242,-13.183709,-6.097891,-23.454566,-0.153821,0.948142,-0.132341,-0.244646,29.000000
427,2U,4,No,No,999.990000,33.997231,2.543669,33.679424,3.877869,-0.481572,0.532251,0.633295,-0.289369,103581318.000000
428,2U,4,Yes,Yes,5.360082,0.830395,0.424389,0.666830,-0.254535,0.274846,-0.550921,-0.158985,-0.771796,1576.000000
429,2U,4,No,Yes,5.744356,17.281723,15.112031,1.903687,-8.164584,-0.058610,-0.795180,-0.093454,0.596255,162.000000
430,2U,4,No,No,999.990000,17.795725,-10.337880,-2.972947,-14.176658,0.716581,-0.008565,-0.608745,-0.340393,287.000000
431,2U,4,Yes,Yes,0.911394,1.726546,0.441665,-1.114666,-1.242342,-0.342024,0.186482,0.890786,-0.233976,1153.000000
432,2U,4,Yes,Yes,1.210963,1.598190,-0.043258,-1.252284,-0.992030,-0.549043,-0.394277,-0.726032,0.126393,2467.000000
433,2U,4,No,No,999.990000,20.394150,8.200926,-3.546482,-18.332720,-0.828411,0.012393,-0.321751,0.458321,103647039.000000
434,2U,4,No,Yes,14.057558,34.494170,21.631967,-12.647769,23.705268,0.031596,-0.317946,-0.911419,0.259283,2589.000000
435,2U,4,No,Yes,4.522962,20.032903,0.207592,7.897855,-18.409182,-0.071095,0.833464,0.510663,-0.198764,158.000000
436,2U,4,No,Yes,2.790938,10.308457,-0.987464,7.650956,6.837549,-0.503568,0.008069,-0.250499,0.826804,297.000000
437,2U,4,No,Yes,9.276472,14.243631,-5.893409,-10.962046,6.926925,-0.333161,0.595897,-0.000485,0.730692,187.000000
438,2U,4,No,Yes,7.903563,32.102790,-8.998774,19.716226,23.682940,0.462547,-0.534066,-0.155254,-0.690449,133.000000
439,2U,4,Yes,Yes,0.583200,2.738908,-0.093949,-0.227530,2.727824,-0.152524,-0.211438,0.316283,0.912138,833.000000
440,2U,4,No,Yes,6.998025,23.650376,12.278827,-17.030771,10.886851,-0.263626,0.851498,0.413279,0.186151,492.000000
441,2U,4,No,No,999.990000,23.059613,22.134326,2.872592,5.793582,-0.964888,-0.081370,0.218315,-0.121276,103616415.000000
442,2U,4,No,No,999.990000,34.041209,13.802792,-28.969653,11.359844,-0.520159,-0.416640,0.041222,0.744410,103636042.000000
443,2U,4,No,Yes,6.674269,17.057728,3.803253,-2.060670,-16.500151,-0.445887,-0.089943,-0.043310,-0.889505,0.000000
444,2U,4,Yes,Yes,26.955692,7.422208,2.971691,0.141723,-6.799863,0.790790,0.560895,-0.045026,0.240875,334.000000
445,2U,4,No,Yes,2.382240,9.065742,4.398890,-1.395884,7.803138,0.742858,0.531174,-0.378091,0.151865,316.000000
446,2U,4,No,Yes,9.849575,10.202247,-4.632120,8.931691,-1.689438,0.260769,0.156230,0.842377,0.444964,0.000000
447,2U,4,Yes,Yes,2.291554,5.441719,-4.920465,1.593404,1.691863,0.091890,0.196041,-0.919373,-0.328447,436.000000
448,2U,4,No,Yes,8.436727,24.092915,-13.350336,10.572735,17.042722,-0.203439,0.181997,0.513970,0.813219,143.000000
449,2U,4,No,Yes,11.040071,24.041880,12.715209,-20.393496,-0.663906,0.055571,0.051256,0.298646,0.951365,144.000000
450,2U,4,No,Yes,7.125838,16.685192,13.115970,-6.333112,8.139943,-0.293760,0.261303,0.910416,0.128719,393.000000
451,2U,4,No,No,999.990000,31.922622,-16.645266,26.803855,-4.852037,-0.421670,0.191005,-0.486060,0.741254,103645130.000000
452,2U,4,No,No,999.990000,28.811904,-2.747175,-16.828595,23.224496,0.711390,-0.197560,-0.466254,-0.487341,160.000000
453,2U,4,Yes,Yes,6.999516,7.953105,5.771371,4.571650,3.007187,-0.046550,-0.162803,0.968299,-0.183645,104.000000
454,2U,4,No,Yes,4.524580,14.981114,-5.154915,-14.055327,0.555341,-0.290706,-0.450839,-0.821454,-0.193512,137.000000
455,2U,4,Yes,No,999.990000,8.023069,0.757449,5.526607,-5.766500,0.847765,-0.499597,-0.160596,-0.076858,581.000000
456,2U,4,Yes,Yes,2.125365,5.451906,4.563454,-2.366235,1.816343,0.209691,0.418075,-0.864565,-0.183766,0.000000
457,2U,4,Yes,Yes,1.992981,4.615595,1.992976,-0.821835,-4.081220,-0.661836,0.635168,0.376067,0.130796,681.000000
458,2U,4,No,No,999.990000,17.201434,-9.423597,-4.396772,13.702319,0.684619,0.659772,-0.304027,0.059706,306.000000
459,2U,4,No,Yes,6.483720,18.538102,13.867812,-11.057555,5.392171,0.190606,0.882199,0.412383,-0.123829,118.000000
460,2U,4,No,Yes,8.502328,11.426014,1.556149,11.077870,2.326582,0.575479,-0.479408,-0.018515,0.662306,315.000000
461,2U,4,No,Yes,4.046589,14.262865,9.794356,3.204817,-9.860479,-0.070981,0.423440,0.552484,0.714438,144.000000
462,2U,4,No,No,999.990000,21.544143,-19.979445,1.604294,-7.899246,-0.396236,-0.814245,0.424102,-0.011837,103445645.000000
463,2U,4,No,Yes,6.935405,10.787982,-0.743600,10.755048,-0.395684,-0.552021,-0.415042,-0.238944,0.682583,597.000000
464,2U,4,No,Yes,15.531174,17.161297,3.624227,0.901136,16.750016,0.419298,-0.906924,-0.018365,-0.036613,218.000000
465,2U,4,Yes,Yes,7.412089,1.676858,-0.415102,0.679742,1.475634,0.385869,-0.700181,-0.581444,0.150915,984.000000
466,2U,4,Yes,Yes,0.768312,0.570256,0.081025,-0.234778,-0.513328,-0.889667,0.059584,0.443814,-0.089280,3050.000000
467,2U,4,No,Yes,13.992449,16.096060,-8.622613,-1.880399,-13.460973,0.607740,0.442262,0.157895,0.640411,663.000000
468,2U,4,Yes,Yes,6.387056,3.474953,-1.595328,2.008247,2.344605,-0.176037,-0.579706,-0.415695,0.678343,1450.000000
469,2U,4,No,No,999.990000,22.498398,-8.754415,-3.431201,20.439300,-0.839792,0.411679,0.282827,0.212789,103669220.000000
470,2U,4,No,No,999.990000,23.625017,0.865812,-22.838030,5.984660,-0.574084,-0.328999,0.271360,0.698964,103627719.000000
471,2U,4,Yes,Yes,5.297343,1.023450,-0.695531,0.103059,-0.743683,0.496774,0.741268,-0.440027,0.100570,2043.000000
472,2U,4,Yes,Yes,2.123941,5.967595,-2.321760,4.490168,3.171753,-0.559717,0.465079,0.649679,0.219853,497.000000
473,2U,4,No,Yes,8.313513,12.485430,6.912231,10.272175,1.609170,-0.283094,0.484717,-0.706319,-0.431301,383.000000
474,2U,4,No,No,999.990000,30.600456,26.403260,13.801763,-6.983344,-0.648936,-0.451755,0.426563,-0.439140,103547369.000000
475,2U,4,No,No,999.990000,22.029435,-12.611165,10.187242,-14.915583,-0.303362,-0.712745,0.630886,0.044154,103560049.000000
476,2U,4,Yes,Yes,14.343425,1.493984,0.673223,1.203407,0.574951,0.537652,-0.713055,-0.448223,0.039743,2460.000000
477,2U,4,No,Yes,14.441319,34.088070,0.818018,-13.329958,31.363029,0.239359,-0.911347,0.062910,0.328933,130.000000
478,2U,4,No,Yes,10.365630,11.900849,-3.818857,-8.355415,-7.565288,0.465347,0.739354,0.359678,0.327779,279.000000
479,2U,4,No,Yes,11.171449,24.458410,5.399771,23.646676,-3.144996,0.082533,0.729781,-0.068138,-0.675252,122.000000
480,2U,4,No,No,999.990000,23.220618,-14.545610,-14.672312,10.599321,-0.466402,0.782724,0.147218,-0.384889,103638273.000000
481,2U,4,No,Yes,6.385632,9.122319,-3.289518,-6.086941,-5.945160,0.231688,0.243421,-0.921778,0.193370,566.000000
482,2U,4,Yes,Yes,4.847631,6.706057,1.135543,1.342393,6.471454,0.011494,0.155719,0.986974,-0.038754,334.000000
483,2U,4,No,Yes,5.360403,17.754272,2.404563,10.471724,14.134187,-0.452264,0.391933,0.791078,-0.126654,220.000000
484,2U,4,No,Yes,17.359756,9.180335,-3.787527,-4.161202,7.253798,0.708572,-0.433808,0.315663,0.458358,377.000000
485,2U,4,No,Yes,13.605119,18.605953,11.718832,-10.297938,-10.139178,0.102514,0.018172,-0.166106,0.980596,218.000000
486,2U,4,No,No,999.990000,29.122101,12.907155,-25.003863,7.503929,-0.362573,0.901602,0.121996,0.201922,103504608.000000
487,2U,4,No,Yes,6.577292,23.199278,20.082183,-6.357889,-9.720580,0.495270,-0.513890,-0.700148,0.020436,202.000000
488,2U,4,No,Yes,7.412951,12.130155,-5.977662,3.463152,-9.970698,-0.018580,-0.958601,-0.225695,0.172628,0.000000
489,2U,4,No,Yes,4.469148,13.754846,-13.682333,0.578429,-1.286458,-0.149308,-0.915128,0.268970,-0.260581,194.000000
490,2U,4,No,No,999.990000,27.352074,-17.594877,-18.551136,-9.716563,0.910337,-0.297815,-0.203128,-0.203304,52.000000
491,2U,4,No,Yes,6.036986,13.781569,-7.528273,2.167075,-11.338453,0.443558,0.394144,-0.035859,-0.804128,275.000000
492,2U,4,No,Yes,5.972041,18.443195,18.149983,2.034223,-2.567390,-0.477656,-0.204363,-0.657658,-0.545496,215.000000
493,2U,4,No,Yes,9.051844,20.733661,1.331809,9.274348,-18.495877,0.525886,0.103980,0.713130,0.451750,200.000000
494,2U,4,No,Yes,26.344568,25.232544,14.413451,-13.621487,-15.600924,0.722241,-0.049366,-0.367342,0.583944,50.000000
495,2U,4,No,Yes,4.597655,15.804056,-8.091780,-12.865958,4.331099,0.136568,-0.822311,0.435540,-0.339791,386.000000
496,2U,4,No,Yes,2.694628,22.256450,3.887793,-1.272746,21.877266,-0.019555,-0.894339,-0.331137,-0.300206,128.000000
497,2U,4,Yes,Yes,2.028222,6.516808,4.722533,0.400619,-4.472804,0.086326,0.685369,0.212587,-0.691104,423.000000
498,2U,4,Yes,Yes,13.443631,7.898855,6.391933,-4.477839,-1.218221,0.366333,-0.328473,0.674344,-0.550605,515.000000
499,2U,4,No,Yes,14.440824,13.270132,-12.858090,-2.797937,1.713910,0.377764,-0.399421,0.676078,-0.490587,428.000000
500,2U,4,Yes,Yes,5.807021,6.367225,-0.566848,6.160560,-1.505900,-0.533589,-0.677433,0.440773,-0.249171,496.000000
501,2U,4,Yes,Yes,3.691631,8.560204,-0.618731,1.518339,8.401721,-0.590182,-0.306140,-0.532886,0.523446,236.000000
502,2U,4,No,Yes,17.009349,27.085579,-1.303710,11.565653,-24.457404,0.347824,0.782083,0.288752,0.428937,127.000000
503,2U,4,No,Yes,27.627685,17.811116,8.617644,15.318893,2.881594,0.663711,0.638296,0.007112,0.389890,358.000000
504,2U,4,Yes,Yes,9.114724,2.358957,-2.057488,0.917056,0.700305,0.202491,0.380773,0.486948,0.759534,1020.000000
505,2U,4,No,Yes,10.977053,24.214503,-16.909916,-13.924393,-10.320279,0.491638,-0.769502,-0.274272,0.301553,167.000000
506,2U,4,No,No,999.990000,23.799235,-8.490737,20.358189,8.936169,-0.630140,-0.650327,0.092108,0.414143,103620982.000000
507,2U,4,No,Yes,8.438175,29.445353,18.142395,-17.998668,14.626355,0.381478,0.411995,0.796809,-0.223228,103.000000
508,2U,4,No,Yes,7.348838,20.224800,2.292468,6.713320,18.939864,-0.266077,-0.865819,0.271567,-0.325288,196.000000
509,2U,4,No,Yes,6.835494,8.726451,5.735302,0.772146,6.531543,0.213428,-0.066521,0.957579,-0.181838,0.000000
510,2U,4,No,Yes,7.700485,26.217397,-1.421334,26.178433,0.146194,0.488342,0.375407,-0.488418,0.618094,0.000000
511,2U,4,No,No,999.990000,25.314341,20.225243,-4.339309,-14.591978,-0.412697,0.862425,0.047443,-0.289228,103635105.000000
512,2U,4,No,Yes,12.579549,24.398193,9.331337,-22.282257,-3.420377,0.340778,0.104324,-0.912961,-0.198718,42.000000
513,2U,4,No,Yes,6.340388,23.265847,17.574507,9.467598,-11.949934,0.660554,-0.747009,-0.018963,-0.072711,69.000000
514,2U,4,Yes,Yes,8.438433,4.874514,-4.463828,-0.686417,1.834110,-0.444070,0.204407,0.313671,0.814021,663.000000
515,2U,4,Yes,Yes,4.334384,8.351503,-6.450494,0.461265,5.284503,0.156485,-0.138697,0.744809,0.633668,296.000000
516,2U,4,No,Yes,11.042008,32.580068,23.929505,-14.989364,-16.252956,-0.016339,-0.694571,0.385409,-0.607259,207.000000
517,2U,4,No,Yes,5.745064,15.543914,13.079585,-6.758936,-4.985429,-0.318334,-0.703636,0.152740,-0.616628,221.000000
518,2U,4,No,Yes,4.776768,16.218424,7.200146,-8.365546,11.883300,0.393999,-0.301305,0.235255,0.835844,185.000000
519,2U,4,Yes,No,999.990000,5.583361,-0.972782,-0.621037,-5.462777,0.874596,0.226958,-0.423204,-0.066863,435.000000
520,2U,4,No,Yes,22.977682,34.541677,8.862842,-18.084710,-28.062800,0.514102,0.431386,0.313161,0.671964,412.000000
521,2U,4,No,No,999.990000,34.153386,32.228347,-7.383569,-8.559808,-0.216546,-0.579242,-0.279578,-0.734454,103464951.000000
522,2U,4,No,Yes,25.379951,23.484288,6.945031,-7.418182,21.171889,0.582009,0.214836,-0.773294,-0.130873,101.000000
523,2U,4,No,Yes,12.354358,18.968987,-11.543487,-10.246541,-11.026276,-0.179889,-0.446367,-0.714897,-0.507266,138.000000
524,2U,4,No,Yes,13.638155,16.736987,9.790752,6.294884,12.026734,0.577750,0.056335,0.018925,-0.814047,149.000000
525,2U,4,Yes,Yes,5.585667,8.158575,6.668694,0.118096,4.698608,-0.393914,-0.686192,-0.434849,-0.429975,291.000000
526,2U,4,Yes,Yes,0.677014,1.007736,0.042700,-0.515119,0.865079,0.245711,0.499375,0.382695,-0.737425,1153.000000
527,2U,4,Yes,Yes,1.538367,3.509372,-0.936700,-2.073432,2.671922,-0.147459,0.242158,-0.743418,-0.605760,708.000000
528,2U,4,No,Yes,9.659993,14.463232,3.001813,10.651365,-9.312497,-0.753377,0.197892,-0.283199,0.559518,301.000000
529,2U,4,Yes,Yes,7.350299,3.674139,-0.309204,3.258632,-1.668834,-0.726971,-0.411811,0.057259,0.546486,950.000000
530,2U,4,No,Yes,15.021578,33.401320,-1.220015,-31.261353,11.699897,0.428365,0.701917,0.568958,0.010103,73.000000
531,2U,4,No,Yes,10.811888,31.182797,25.900956,17.132867,2.823507,0.364733,0.676149,-0.553644,0.321359,218.000000
532,2U,4,No,Yes,10.877408,24.501950,-10.208996,14.958886,16.503142,0.267680,-0.101516,0.780435,0.555845,87.000000
533,2U,4,No,Yes,8.696024,18.997272,-10.972736,14.282575,6.041807,0.190465,0.961675,0.064938,0.186246,63.000000
534,2U,4,No,Yes,5.136189,27.221753,6.757980,1.362108,26.334354,0.761606,-0.509098,-0.368439,0.158207,104.000000
535,2U,4,No,No,999.990000,25.695491,-7.792294,-16.727061,-17.881382,-0.566675,-0.279157,-0.472308,-0.614716,103653017.000000
536,2U,4,No,No,999.990000,23.149803,-11.763310,19.531294,-4.008298,0.750575,-0.539462,-0.051913,0.378053,135.000000
537,2U,4,Yes,Yes,0.546981,0.026331,-0.023171,0.008034,-0.009586,-0.589548,0.365406,0.716512,-0.074313,1510.000000
538,2U,4,No,Yes,8.026381,29.964596,28.290254,-9.841523,-0.826422,0.333789,0.580316,-0.403609,0.623633,97.000000
539,2U,4,No,Yes,15.468113,33.374987,-14.882443,-18.447960,23.496286,0.380601,0.410773,0.792438,-0.241765,328.000000
540,2U,4,Yes,Yes,5.008314,5.284499,-1.528782,4.904086,-1.240442,-0.155499,0.534709,0.040795,-0.829603,855.000000
541,2U,4,No,Yes,13.030197,12.026223,-6.834648,-8.294180,5.396684,0.252635,-0.405561,-0.503186,0.720069,315.000000
542,2U,4,Yes,Yes,3.371601,0.404723,0.261713,0.230901,0.204919,-0.666981,-0.387826,-0.365830,0.520476,2345.000000
543,2U,4,Yes,Yes,5.072586,2.974934,1.919252,0.694121,2.164463,-0.702699,0.205654,-0.665547,-0.144804,632.000000
544,2U,4,Yes,Yes,6.448805,4.977261,-0.851217,3.811606,-3.085484,-0.787283,0.584618,-0.195972,-0.001363,670.000000
545,2U,4,No,Yes,15.369951,25.728464,15.094798,14.172109,-15.272598,0.463182,0.084664,0.833062,-0.290348,152.000000
546,2U,4,No,Yes,5.376534,19.731216,-17.367221,3.637688,-8.629469,0.106581,-0.820651,-0.541756,-0.147218,168.000000
547,2U,4,No,Yes,6.529484,23.924846,-7.838064,21.561071,6.788465,0.411639,-0.186230,-0.850543,-0.269163,140.000000
548,2U,4,No,Yes,3.934606,11.578815,8.731996,-7.555011,-0.861983,0.430706,0.635595,0.639985,0.030508,179.000000
549,2U,4,No,Yes,24.515988,33.733162,29.746237,15.274922,4.445711,0.537899,0.139756,0.384300,-0.737188,95.000000
550,2U,4,No,No,999.990000,25.239277,7.071682,24.099386,2.496399,-0.798467,-0.239482,-0.208304,-0.511574,103539099.000000
551,2U,4,No,Yes,8.759670,19.200070,-5.976811,-10.277067,-15.076549,0.362647,-0.763726,-0.481710,0.230575,214.000000
552,2U,4,No,Yes,10.976292,25.350295,-25.167129,0.080036,3.040835,0.485613,0.119137,0.020667,0.865771,87.000000
553,2U,4,No,Yes,15.983833,30.479379,-14.592751,-25.840949,6.949067,0.054497,0.442058,-0.741372,0.501978,212.000000
554,2U,4,Yes,Yes,1.274515,2.278917,0.137574,2.269744,0.150994,0.553024,0.581750,-0.595864,-0.026041,1352.000000
555,2U,4,No,Yes,8.761198,23.193359,-10.425808,0.312019,-20.715624,0.094964,0.419669,0.550615,0.715320,89.000000
556,2U,4,Yes,Yes,3.529368,2.939561,2.667957,1.165117,0.406855,-0.714157,0.154195,0.673175,-0.114188,0.000000
557,2U,4,No,No,999.990000,22.871751,-14.737180,17.009068,4.077274,-0.259999,-0.246228,-0.893630,0.270552,103532946.000000
558,2U,4,No,Yes,7.126703,10.336070,9.428819,-1.985017,3.740510,-0.527767,-0.775011,0.345769,-0.035548,162.000000
559,2U,4,Yes,Yes,9.722742,4.350483,-2.832813,1.487358,2.947819,0.072508,0.949687,-0.280114,-0.119890,350.000000
560,2U,4,Yes,Yes,8.987336,1.564284,-0.311581,-1.463256,0.456928,0.260362,0.187747,-0.915044,0.244248,1101.000000
561,2U,4,Yes,Yes,5.297736,5.564753,0.274538,5.328600,1.580230,0.173926,0.023693,-0.873936,0.453237,715.000000
562,2U,4,No,Yes,13.380311,18.163222,13.216030,-9.549190,8.003259,0.153084,-0.632298,0.318945,-0.689230,768.000000
563,2U,4,No,Yes,14.057499,29.984922,2.894786,27.108684,-12.483390,0.357263,-0.471311,0.500295,-0.632404,157.000000
564,2U,4,No,Yes,13.765892,27.223773,-25.775896,-1.564172,8.619186,0.238905,-0.092778,-0.160988,-0.953100,87.000000
565,2U,4,No,Yes,14.406509,32.330676,6.497537,10.606683,29.842133,0.282027,0.805046,0.275281,-0.443375,275.000000
566,2U,4,No,No,999.990000,20.768510,18.727108,-4.456988,7.794978,-0.700925,-0.688764,-0.103981,-0.153287,103505189.000000
567,2U,4,Yes,Yes,0.866672,0.952401,-0.653085,-0.223311,0.656262,0.159020,-0.873952,-0.019972,-0.458826,1269.000000
568,2U,4,Yes,Yes,0.683188,1.053534,0.466489,-0.290209,0.898944,-0.191356,-0.758820,0.557228,-0.277619,1046.000000
569,2U,4,No,Yes,10.589630,22.735251,-3.346923,-19.199894,11.707000,0.356431,-0.588401,-0.055561,0.723640,187.000000
570,2U,4,No,Yes,5.936519,31.601387,5.500175,13.939257,-27.822524,0.334501,-0.032099,-0.837702,-0.430505,1123.000000
571,2U,4,No,Yes,14.407464,33.379018,27.656089,-10.414558,-15.518912,0.157706,0.709969,-0.670644,-0.145979,585.000000
572,2U,4,No,Yes,2.762498,15.039765,-2.516955,-4.676382,-14.070925,-0.457665,-0.754237,-0.251119,0.398257,372.000000
573,2U,4,No,Yes,6.449933,17.281019,-1.293448,-5.067499,16.470613,-0.660693,-0.039752,-0.249340,0.706919,163.000000
574,2U,4,No,Yes,25.318282,13.272924,12.791348,-3.260340,-1.386395,0.804422,-0.170289,-0.552292,0.137406,79.000000
575,2U,4,No,Yes,6.207049,19.854339,12.906070,14.863399,2.589888,0.206755,-0.661653,-0.369836,-0.618618,41.000000
576,2U,4,No,No,999.990000,32.126407,8.549540,-5.235755,30.522095,-0.211620,-0.877559,0.347444,0.253749,103629914.000000
577,2U,4,No,Yes,8.827817,17.537565,-15.047037,-8.038373,4.066621,-0.355949,-0.116952,-0.922256,0.095215,217.000000
578,2U,4,No,Yes,20.536034,31.483244,24.224161,-8.659995,18.149082,0.667333,0.372802,-0.578841,-0.283951,86.000000
579,2U,4,Yes,Yes,1.586329,3.547358,-3.007323,-1.204840,1.445032,-0.168070,-0.933581,0.280878,-0.145897,1218.000000
580,2U,4,No,No,999.990000,19.613790,-2.814383,18.639179,5.418581,-0.856251,0.324243,0.124827,-0.382256,103595488.000000
581,2U,4,No,Yes,6.643826,14.833655,-11.098901,9.774108,-1.148273,-0.036104,0.325265,-0.197903,0.923977,216.000000
582,2U,4,No,No,999.990000,31.179212,-29.747257,4.612566,-8.122080,-0.703092,0.631330,0.316113,0.084601,103636596.000000
583,2U,4,No,Yes,3.881675,11.411146,9.385844,0.797193,6.440859,-0.569270,0.070883,0.448069,-0.685668,409.000000
584,2U,4,Yes,Yes,3.982824,3.675924,-1.777360,3.018604,1.114199,-0.095164,-0.275754,-0.952202,-0.090635,493.000000
585,2U,4,No,Yes,5.648984,12.262650,-11.715846,3.026850,1.987386,-0.598571,-0.395158,-0.228413,0.658324,285.000000
586,2U,4,No,Yes,14.632381,32.939795,-7.849305,-31.974390,1.028065,0.171836,0.850676,0.448201,0.214334,292.000000
587,2U,4,Yes,Yes,14.663591,1.870776,-1.659018,0.773573,0.386068,0.619569,0.279415,-0.629637,-0.376323,1145.000000
588,2U,4,No,No,999.990000,11.872798,7.087110,-5.612801,7.696277,0.815344,0.179599,-0.336628,-0.435476,404.000000
589,2U,4,No,Yes,18.483567,9.008846,-6.704185,-1.078599,-5.920290,0.519485,0.418267,0.277840,0.691370,295.000000
590,2U,4,No,Yes,7.668652,24.012541,-1.626321,21.024525,11.485930,0.119445,-0.954063,-0.219828,-0.164843,144.000000
591,2U,4,No,Yes,17.421980,12.131969,11.021439,-0.738815,-5.016642,0.716013,0.091582,-0.559445,0.407381,244.000000
592,2U,4,No,Yes,16.493271,30.694252,-5.326410,-25.105656,-16.836640,0.544620,-0.271600,0.787355,-0.098462,128.000000
593,2U,4,No,No,999.990000,31.722481,-3.982677,-30.317325,8.444753,-0.428847,-0.111122,-0.884590,-0.145750,103491968.000000
594,2U,4,No,Yes,8.023755,26.397180,24.727733,7.945094,4.714430,0.790292,-0.004624,-0.612062,0.028236,58.000000
595,2U,4,No,Yes,7.861412,8.718003,0.845152,8.606773,1.101251,0.283921,0.456430,-0.347200,-0.768448,488.000000
596,2U,4,No,Yes,8.502630,19.181917,5.010505,-8.652663,16.369856,-0.673609,0.138855,-0.584526,0.430466,215.000000
597,2U,4,No,Yes,7.489833,32.160644,16.560632,21.400244,-17.380507,0.215109,0.175058,0.140106,0.950501,600.000000
598,2U,4,No,Yes,14.056263,28.036106,14.893476,12.573466,20.152308,0.155585,-0.728453,-0.578776,0.331914,292.000000
599,2U,4,No,Yes,15.497525,29.929770,-25.451997,8.725403,13.109324,0.109961,-0.281765,-0.327614,0.895090,161.000000
600,2U,4,Yes,Yes,0.548382,0.973298,0.381875,0.635712,-0.630358,0.086364,0.499281,0.605914,0.613293,1312.000000
601,2U,4,No,Yes,8.376892,9.216240,-4.776462,-7.846776,-0.743374,-0.407737,-0.645968,-0.612973,-0.201842,286.000000
602,3U,4,No,Yes,18.100385,15.195673,-4.547127,14.306686,2.356026,-0.117403,-0.242549,-0.921259,0.280479,254.000000
603,3U,4,No,No,999.990000,27.018091,-15.853927,11.537305,18.588191,0.857012,-0.181215,0.403247,-0.264733,128.000000
604,3U,4,No,Yes,6.648469,11.234892,8.597458,4.509189,-5.654530,-0.269295,0.804392,0.347607,-0.399505,469.000000
605,3U,4,No,No,999.990000,18.266974,5.341737,-13.089864,11.567352,-0.761534,0.411136,-0.483937,-0.129760,103392494.000000
606,3U,4,No,Yes,12.516563,10.019883,3.597096,2.170698,-9.096540,0.774891,-0.056797,0.416485,-0.472078,218.000000
607,3U,4,Yes,Yes,6.323486,0.534668,0.327379,0.352624,0.233129,-0.722767,0.522420,-0.452391,0.005283,1519.000000
608,3U,4,Yes,Yes,6.546873,3.674026,-2.017735,-2.511328,1.766478,0.116618,0.606436,0.618772,-0.485548,573.000000
609,3U,4,No,Yes,16.271455,16.858776,16.309341,-4.205895,0.730879,-0.546263,0.233520,-0.673976,0.439114,67.000000
610,3U,4,No,Yes,5.873254,9.039780,-8.965075,-0.459748,-1.064748,0.359592,0.050350,0.702616,-0.611955,372.000000
611,3U,4,No,No,999.990000,29.658417,8.116664,-1.010452,28.508252,-0.893327,-0.438812,0.028725,-0.092659,103677355.000000
612,3U,4,Yes,No,999.990000,8.555247,-1.089915,-7.875266,3.159831,0.729507,-0.210220,-0.605660,-0.238333,605.000000
613,3U,4,No,No,999.990000,24.494582,-12.838884,-4.419514,-20.386650,-0.595947,-0.278410,-0.583952,-0.475748,103644213.000000
614,3U,4,No,Yes,23.329060,20.987060,-8.488329,-18.441137,5.322539,0.302017,0.062061,-0.750149,0.584988,139.000000
615,3U,4,No,No,999.990000,34.915073,-22.285678,-26.431257,-4.878475,-0.339740,0.717247,0.588796,-0.153143,103591541.000000
616,3U,4,No,No,999.990000,29.484963,-19.552246,21.971262,2.082406,-0.556631,0.678650,-0.135220,-0.459687,103642700.000000
617,3U,4,No,No,999.990000,31.892722,-20.663146,22.669289,8.734039,-0.322874,-0.305038,0.350958,-0.824337,103631352.000000
618,3U,4,No,Yes,21.500700,19.049763,-13.913087,12.200506,4.524063,0.798558,-0.485172,-0.069591,-0.349384,271.000000
619,3U,4,No,Yes,9.052225,15.143101,-8.560373,5.006677,11.444070,-0.780460,-0.428437,0.100794,0.444032,283.000000
620,3U,4,No,No,999.990000,23.071931,4.200203,-13.277342,18.395230,-0.468310,-0.731196,-0.335978,0.364907,103609017.000000
621,3U,4,No,Yes,10.816124,15.719191,-2.603498,-13.933695,6.794624,-0.524913,0.134537,-0.569740,0.617869,270.000000
622,3U,4,No,Yes,17.744851,18.320011,12.445765,7.414546,11.213841,-0.058613,0.351470,-0.888573,0.288914,45.000000
623,3U,4,No,Yes,15.819297,16.899753,-12.445311,8.102150,-8.066664,-0.623763,-0.551623,-0.513089,0.208258,243.000000
624,3U,4,No,Yes,5.363855,11.933433,3.297418,5.827387,9.878027,-0.524829,-0.467347,-0.025543,-0.710978,152.000000
625,3U,4,Yes,Yes,9.564050,5.235396,-2.155926,-3.904707,2.741280,-0.880989,-0.230483,-0.154837,-0.383095,448.000000
626,3U,4,No,Yes,22.978160,31.226497,17.328738,25.922615,1.681370,0.207476,0.731561,0.437888,-0.479612,236.000000
627,3U,4,No,Yes,16.397058,14.448700,-0.535760,13.465018,-5.212598,-0.206949,-0.515905,-0.565619,0.609171,191.000000
628,3U,4,No,No,999.990000,34.501650,-12.526408,32.114307,1.457484,-0.968049,-0.153995,0.143194,-0.136607,103652041.000000
629,3U,4,No,Yes,14.441589,14.373458,2.646106,-3.787806,-13.610546,0.251116,-0.001564,-0.908839,0.333091,287.000000
630,3U,4,No,Yes,19.446078,21.815106,-3.105019,-13.663901,16.719914,0.190175,-0.342107,0.368050,-0.843407,215.000000
631,3U,4,No,Yes,14.893903,20.160849,-4.406392,-16.250127,-11.089495,0.511661,-0.139966,-0.838559,0.124221,234.000000
632,3U,4,No,No,999.990000,25.272136,-7.397012,-2.312915,-24.054428,-0.619362,0.296863,0.267761,-0.675698,103665978.000000
633,3U,4,No,Yes,16.717393,15.574469,7.573901,11.845329,-6.699870,-0.489407,0.810762,0.160072,-0.278429,270.000000
634,3U,4,No,Yes,16.685306,18.245784,0.345188,16.684864,7.375962,-0.067130,-0.920986,0.380957,0.046367,67.000000
635,3U,4,Yes,Yes,2.955957,3.583613,-1.269367,2.888245,-1.699714,0.025078,-0.783734,0.261927,-0.562607,1042.000000
636,3U,4,No,Yes,2.757038,11.753991,-0.080171,1.461440,-11.662508,-0.346191,0.929817,0.113607,0.051818,283.000000
637,3U,4,No,Yes,12.122240,29.260215,11.103176,15.567556,-22.147932,0.147184,-0.698618,-0.697048,-0.066293,48.000000
638,3U,4,Yes,Yes,15.466915,3.803265,1.808132,-2.236167,2.488984,0.454913,-0.862433,0.146632,0.166618,1044.000000
639,3U,4,No,No,999.990000,33.309805,-12.471961,-2.184789,-30.809414,-0.465918,-0.752005,-0.466209,-0.007600,103636809.000000
640,3U,4,No,Yes,9.180249,14.266302,8.064726,-7.159540,9.339623,-0.676020,0.678711,-0.110965,-0.264641,225.000000
641,3U,4,No,Yes,13.319920,24.800268,5.187146,14.779509,-19.227920,0.132633,0.030217,-0.222535,0.965388,37.000000
642,3U,4,No,No,999.990000,26.955249,-9.170542,-23.656825,9.101716,-0.543440,0.333320,0.765261,-0.089137,103523907.000000
643,3U,4,No,Yes,18.036281,33.278810,16.432586,28.919798,1.046223,0.435384,-0.882081,0.125473,-0.128959,62.000000
644,3U,4,No,Yes,13.414932,9.518429,3.546764,4.270214,7.732156,0.050065,0.154465,-0.384678,-0.908657,405.000000
645,3U,4,No,No,999.990000,26.027126,-15.610088,15.691739,13.693274,-0.575621,0.606753,-0.091535,-0.540493,103651334.000000
646,3U,4,No,No,999.990000,32.867308,-8.856884,23.602059,-21.089294,-0.489019,0.679407,-0.460325,-0.295580,103657764.000000
647,3U,4,No,Yes,6.101957,11.375066,-1.298418,-4.178982,10.499635,-0.329909,0.299068,0.839629,0.311034,314.000000
648,3U,4,No,Yes,22.364583,31.051467,-15.028018,-18.897132,-19.525642,0.289661,0.582688,0.744670,-0.148452,1110.000000
649,3U,4,No,Yes,6.384947,9.512292,-0.542470,1.424671,-9.389342,0.847226,0.418320,-0.262537,-0.195682,586.000000
650,3U,4,No,Yes,10.977600,17.149495,11.481860,12.092820,4.004467,0.608111,-0.075047,-0.351112,0.708018,0.000000
651,3U,4,No,No,999.990000,22.623985,-5.486690,18.391892,11.978282,-0.854425,0.358024,-0.356759,0.120416,103655580.000000
652,3U,4,Yes,Yes,9.659209,5.150982,2.012009,4.378249,1.820817,-0.126605,0.509153,0.670910,0.524037,720.000000
653,3U,4,Yes,Yes,3.947657,4.753233,-3.785414,2.728109,0.906251,-0.750801,0.092329,0.583439,0.295588,242.000000
654,3U,4,Yes,Yes,2.632367,1.606564,-0.868695,1.133935,0.735260,0.040730,0.156665,0.955402,0.246989,980.000000
655,3U,4,Yes,Yes,2.420887,4.534416,2.038861,2.033893,-3.502464,-0.497478,-0.507332,-0.680394,-0.179427,0.000000
656,3U,4,Yes,Yes,2.542587,6.507451,1.625824,-0.605616,6.271909,0.288292,-0.458081,-0.807106,-0.235858,355.000000
657,3U,4,Yes,Yes,1.674190,2.856473,0.469591,-1.386230,2.453016,-0.394078,0.879565,-0.182185,-0.194617,585.000000
658,3U,4,Yes,Yes,12.578781,7.562572,-6.746236,3.084436,1.472090,-0.462348,-0.070619,0.621041,-0.628932,190.000000
659,3U,4,No,Yes,29.297837,32.255367,6.563256,-31.355648,3.762405,0.304913,-0.203062,0.777580,-0.511041,72.000000
660,3U,4,No,Yes,7.963835,13.830480,4.128865,11.452516,6.563118,-0.128298,0.002029,-0.240823,0.962050,269.000000
661,3U,4,No,No,999.990000,25.487909,21.784667,6.244041,11.665066,-0.447518,0.059787,0.206506,0.868049,103644833.000000
662,3U,4,No,No,999.990000,24.733218,-8.412235,-19.388220,-12.847697,-0.381271,0.741242,0.012845,0.552293,103601451.000000
663,3U,4,No,No,999.990000,32.676913,-18.413286,-23.884000,-12.581180,-0.564474,-0.519548,-0.520448,0.374930,103626901.000000
664,3U,4,Yes,Yes,20.502294,3.509845,3.454861,0.108507,0.609237,0.595593,0.110238,-0.795421,0.020535,3022.000000
665,3U,4,No,Yes,17.072502,15.486854,-5.253915,10.883607,-9.684324,0.197239,0.709849,0.144976,-0.660449,142.000000
666,3U,4,Yes,Yes,1.331027,0.862167,0.136235,0.505572,0.684959,-0.493822,-0.267727,-0.810608,0.165456,0.000000
667,3U,4,No,No,999.990000,19.401453,2.737550,-18.739494,-4.213495,-0.482843,0.279198,0.593355,0.580380,101477347.000000
668,3U,4,No,Yes,17.488606,33.251404,15.922981,29.023941,3.118554,0.306811,-0.043407,0.401639,0.861782,23.000000
669,3U,4,No,No,999.990000,34.546824,12.478127,30.018325,11.691003,0.768050,0.287922,0.502190,-0.273871,97.000000
670,3U,4,Yes,Yes,5.421872,0.496634,-0.041559,-0.026883,0.494161,0.065699,0.064648,-0.162505,0.982393,6268.000000
671,3U,4,No,No,999.990000,30.230985,-1.820771,23.713711,18.661649,-0.365536,0.222891,-0.555977,-0.712456,103649127.000000
672,3U,4,No,No,999.990000,30.573837,-6.197044,-29.757165,-3.296557,-0.672779,0.706544,0.176586,-0.130316,103624398.000000
673,3U,4,No,Yes,19.445775,15.719082,11.060648,-11.169218,-0.013750,0.130780,0.705341,-0.518290,-0.465581,70.000000
674,3U,4,No,Yes,10.716854,15.005984,-10.435555,10.775321,0.413793,-0.418606,0.278109,0.522824,-0.688535,37.000000
675,3U,4,No,Yes,19.412361,31.355334,-0.873363,-16.110598,26.885737,-0.125034,0.105861,-0.738098,0.654501,285.000000
676,3U,4,Yes,Yes,4.108196,3.788677,0.079151,-2.147347,3.120370,0.147281,0.505817,-0.798544,0.291178,788.000000
677,3U,4,No,Yes,10.717446,14.141161,-6.265828,-7.394077,10.297546,0.081944,0.727758,-0.581383,0.354467,134.000000
678,3U,4,No,Yes,15.212036,34.353252,-15.493473,-8.961295,29.322234,0.354541,-0.168280,0.613298,0.685455,2412.000000
679,3U,4,No,Yes,11.392555,13.557529,1.188158,-10.083742,-8.984042,0.643014,-0.651932,0.310267,0.255445,385.000000
680,3U,4,No,Yes,19.412410,21.880647,3.202640,-13.834244,-16.646907,0.847073,0.045902,-0.526171,-0.059192,149.000000
681,3U,4,No,Yes,10.526600,13.252700,-10.701188,7.524276,-2.122241,-0.455706,-0.725636,0.178197,0.483766,448.000000
682,3U,4,No,Yes,9.752619,10.567884,0.834951,10.298048,2.221089,0.002555,-0.974630,0.162284,0.154124,0.000000
683,3U,4,Yes,Yes,3.558440,3.406834,-1.987163,-2.207850,1.668261,0.854507,-0.129899,-0.471770,0.174287,1218.000000
684,3U,4,No,No,999.990000,16.774351,-8.497399,1.647114,14.368719,-0.863408,0.208251,0.214230,0.406525,103623342.000000
685,3U,4,No,Yes,10.748798,11.636414,4.790682,-1.203629,-10.535975,0.664440,0.580216,-0.449709,0.140112,398.000000
686,3U,4,Yes,Yes,4.495171,4.840382,-1.319200,-2.849801,-3.683429,-0.386305,-0.580405,0.716859,-0.003386,778.000000
687,3U,4,No,Yes,27.405310,9.985366,8.307577,3.273121,-4.469719,0.588445,0.248038,0.554995,0.533095,666.000000
688,3U,4,No,No,999.990000,26.358361,-22.821852,13.181239,0.425643,0.869676,-0.392283,-0.198945,-0.224050,185.000000
689,3U,4,No,Yes,12.716199,19.978978,-5.532717,-18.872604,-3.517590,0.154780,0.067861,-0.241127,0.955665,111.000000
690,3U,4,Yes,Yes,1.545113,1.756656,0.379754,1.106462,-1.310485,-0.916112,-0.333453,-0.071874,-0.210671,1837.000000
691,3U,4,No,No,999.990000,21.143922,-6.866008,18.466903,-7.674429,-0.465622,-0.344699,-0.366476,0.728062,102127542.000000
692,3U,4,No,Yes,13.318527,17.765802,-10.906093,-8.428413,11.209045,-0.263884,-0.822383,0.048261,-0.501720,187.000000
693,3U,4,No,Yes,13.702545,12.710022,-10.760243,-2.640524,-6.228120,-0.474113,0.496387,0.696961,0.207515,308.000000
694,3U,4,No,Yes,16.718374,25.792048,-12.432285,-20.889480,-8.619608,0.308213,0.346512,0.885362,0.032671,83.000000
695,3U,4,No,Yes,15.401598,30.520495,16.604597,-15.073519,20.702102,0.043688,0.069126,0.140336,0.986721,3067.000000
696,3U,4,No,Yes,11.167303,12.699613,-1.447049,11.879827,-4.249229,0.006921,0.587455,0.808477,-0.034841,144.000000
697,3U,4,No,Yes,7.733321,11.234174,1.244486,-2.560666,-10.867425,-0.412241,0.032394,-0.874353,0.253998,374.000000
698,3U,4,Yes,Yes,7.413227,6.879351,1.308055,-6.340438,2.326651,0.298219,-0.068096,-0.697237,0.648297,671.000000
699,3U,4,Yes,Yes,3.721993,1.800727,-1.759330,0.220642,0.314157,-0.431831,-0.497847,-0.171512,0.732294,1660.000000
700,3U,4,No,No,999.990000,19.539147,-13.163217,-13.319649,5.576282,0.675386,0.530291,-0.264522,0.438947,181.000000
701,3U,4,No,Yes,20.473286,33.439409,-14.798034,-29.477907,-5.501387,-0.059016,0.539492,0.466416,0.698514,32.000000
702,3U,4,No,Yes,15.145657,26.679278,-19.260113,17.603845,-5.562061,0.305560,-0.047424,0.918691,-0.245748,91.000000
703,3U,4,Yes,Yes,23.553286,4.900299,3.976255,2.178332,-1.859352,0.597419,0.752599,0.258203,0.100080,568.000000
704,3U,4,No,No,999.990000,30.145036,-6.455963,0.136959,-29.445288,-0.341991,0.719945,-0.031150,0.603118,103632982.000000
705,3U,4,No,No,999.990000,23.225897,15.546602,-10.592233,-13.621676,-0.616171,0.742582,-0.185495,0.185734,103630912.000000
706,3U,4,Yes,Yes,6.290378,6.114014,2.074371,-3.146820,-4.814112,0.469886,0.575017,0.049171,-0.667941,372.000000
707,3U,4,Yes,Yes,11.392638,3.827854,3.242066,-0.599074,-1.944888,-0.161019,-0.096786,0.713887,0.674589,811.000000
708,3U,4,Yes,Yes,1.605477,1.328024,-0.482183,-0.050888,-1.236348,-0.834314,0.032597,0.091092,0.542733,0.000000
709,3U,4,No,No,999.990000,34.512432,16.975143,-23.645312,-18.543239,-0.369693,-0.820115,-0.129159,0.417200,103623811.000000
710,3U,4,No,No,999.990000,33.901791,-16.552527,0.646051,29.579180,-0.149318,-0.536485,0.736319,0.384347,103602989.000000
711,3U,4,No,Yes,11.277132,21.051543,17.638344,-9.020158,-7.119903,-0.113702,-0.715152,0.219805,0.653694,23.000000
712,3U,4,No,No,999.990000,17.084009,-10.497360,-13.476860,-0.207488,-0.748175,0.337611,-0.538748,-0.189746,101563754.000000
713,3U,4,No,Yes,7.861036,15.512434,-2.596585,-4.156019,14.718045,-0.410079,0.077494,-0.900765,-0.120218,394.000000
714,3U,4,No,Yes,15.691777,18.139553,17.667428,-3.421629,2.279872,0.286935,0.476144,-0.826884,0.084956,27.000000
715,3U,4,No,No,999.990000,27.543244,18.541927,8.968139,18.286600,-0.443681,0.341742,-0.630589,-0.537323,103603464.000000
716,3U,4,No,Yes,17.009414,14.994719,14.069667,-2.978973,4.244030,-0.041199,-0.142283,0.257468,0.954865,246.000000
717,3U,4,No,No,999.990000,23.998445,2.924690,6.647571,22.873158,-0.444332,0.104051,-0.264470,-0.849587,103641212.000000
718,3U,4,No,No,999.990000,30.797973,-16.424502,12.986897,22.585203,-0.245936,-0.077249,0.515808,-0.817001,103608618.000000
719,3U,4,No,Yes,19.670153,30.853714,-23.247131,-9.143730,18.108418,-0.082224,-0.676146,-0.571904,-0.457156,192.000000
720,3U,4,No,No,999.990000,30.821611,-28.929429,10.255636,-2.807445,0.539769,-0.421270,0.563886,-0.461751,115.000000
721,3U,4,No,Yes,16.490951,34.938513,-10.039046,-31.862477,-10.232289,0.585764,-0.525914,0.572129,0.230136,107.000000
722,3U,4,No,Yes,13.795569,21.639550,12.174059,16.533706,-6.833666,0.574285,-0.494084,-0.652698,0.007961,119.000000
723,3U,4,No,Yes,12.451455,19.372099,2.439988,10.537650,-16.071173,-0.211951,-0.494990,0.681614,0.495444,142.000000
724,3U,4,No,Yes,16.430092,34.775219,-8.321079,-12.349111,-31.425705,0.144170,-0.527582,-0.637870,0.542212,0.000000
725,3U,4,No,No,999.990000,21.187181,18.237061,-10.727738,-1.105380,-0.890200,-0.227719,0.375252,-0.121961,103537938.000000
726,3U,4,No,Yes,8.735097,15.721064,1.351384,12.582684,-9.327469,0.384542,-0.105262,0.904964,-0.148618,242.000000
727,3U,4,No,No,999.990000,32.520036,9.627082,-23.929440,-19.805401,-0.728356,-0.471360,0.496340,-0.031041,103642355.000000
728,3U,4,No,Yes,5.429671,9.637532,-5.103101,5.902978,-5.656433,-0.144956,-0.480895,0.763035,-0.406823,366.000000
729,3U,4,Yes,Yes,12.579160,3.730127,-1.113067,-1.009201,3.414153,0.296392,-0.159518,-0.655124,0.676401,642.000000
730,3U,4,No,Yes,10.304468,15.883190,1.335298,13.547021,-8.183576,-0.012901,0.741311,-0.547326,0.388236,191.000000
731,3U,4,Yes,Yes,4.717332,3.606198,1.442482,-1.128519,3.106502,-0.142518,-0.807852,0.474601,-0.319088,620.000000
732,3U,4,No,Yes,25.994078,26.073586,-18.200108,15.003538,-11.112238,0.391847,-0.541194,-0.547623,0.503661,106.000000
733,3U,4,No,Yes,24.003995,12.972388,-10.343307,-3.667099,-6.917458,0.895311,0.044601,-0.277790,0.345343,156.000000
734,3U,4,No,No,999.990000,31.566130,-5.746924,-10.678990,-29.143654,-0.791470,0.115262,-0.387787,0.458161,103674612.000000
735,3U,4,No,Yes,17.360840,31.477516,-1.341289,-28.419156,13.467982,-0.133748,-0.721613,-0.463098,0.496917,939.000000
736,3U,4,No,Yes,14.288445,28.617143,20.183215,15.728861,-12.813337,0.373349,0.072867,-0.108433,0.918446,63.000000
737,3U,4,No,Yes,9.116024,18.203711,13.089837,-4.423757,11.851651,-0.014919,-0.935460,0.040713,-0.350762,193.000000
738,3U,4,No,No,999.990000,32.928133,-31.542391,9.446386,-0.324504,-0.695485,-0.666028,-0.114686,-0.244038,103567598.000000
739,3U,4,No,Yes,19.063710,24.792887,0.739764,-18.770921,16.180004,-0.221745,0.024433,-0.974697,0.014070,587.000000
740,3U,4,Yes,Yes,3.135252,5.610279,0.405784,-3.496447,4.368688,-0.201939,-0.127561,0.527551,0.815254,602.000000
741,3U,4,Yes,Yes,9.338313,6.210040,-3.771205,-2.446624,-4.284465,-0.899004,0.402821,0.004041,0.171789,138.000000
742,3U,4,No,No,999.990000,14.898595,-14.621193,1.749774,-2.264321,0.726209,-0.664283,0.134931,0.114639,335.000000
743,3U,4,Yes,Yes,4.393515,5.572348,1.048629,-5.385669,0.972634,0.534098,0.707752,-0.447063,-0.118160,426.000000
744,3U,4,No,Yes,18.999796,25.429396,0.087635,24.838387,-5.449869,0.099853,-0.049929,0.686707,-0.718310,165.000000
745,3U,4,Yes,Yes,10.366303,3.569892,3.035795,-1.876500,-0.082627,-0.297689,0.031569,0.145602,-0.942966,702.000000
746,3U,4,Yes,Yes,4.748402,1.861215,0.004431,0.383433,-1.821285,0.199047,-0.369305,0.891254,0.172223,0.000000
747,3U,4,No,No,999.990000,29.908011,5.359163,-25.994108,-13.786763,-0.383308,0.268627,-0.515520,-0.717742,103651932.000000
748,3U,4,No,Yes,12.739650,12.176112,-2.235407,6.929129,9.759499,0.078271,-0.125318,0.667746,-0.729578,263.000000
749,3U,4,No,No,999.990000,33.391631,20.769386,-26.065597,2.053841,-0.404069,-0.292555,0.834016,0.235707,103609329.000000
750,3U,4,No,No,999.990000,25.611734,18.939117,-5.828916,16.226352,-0.671079,0.730389,0.096379,-0.083040,103621092.000000
751,3U,4,No,Yes,15.308968,20.373919,-20.012820,-0.245205,-3.810974,0.173003,0.501426,0.844587,-0.072908,0.000000
752,3U,4,Yes,Yes,27.405318,0.827469,0.364138,0.680987,0.297263,0.741831,-0.437635,-0.485253,0.150639,1579.000000
753,3U,4,Yes,Yes,3.309837,5.398217,1.421742,-3.967676,-3.372972,0.271880,0.156446,-0.947307,0.064921,496.000000
754,3U,4,No,Yes,13.318843,19.212829,-7.133115,14.226601,-10.763609,0.376600,0.897069,-0.172601,0.153778,203.000000
755,3U,4,Yes,Yes,7.412159,5.861798,-1.443845,4.987704,2.720073,0.192844,0.064105,-0.943975,-0.260023,464.000000
756,3U,4,Yes,Yes,4.819278,8.265985,-4.361760,-4.669822,-5.243502,0.046496,-0.587886,0.788937,0.172645,83.000000
757,3U,4,No,No,999.990000,26.577544,1.492938,-16.123519,-21.075320,-0.944847,-0.085678,-0.311791,-0.052057,103635477.000000
758,3U,4,No,Yes,19.191752,31.262866,-23.913569,-0.981016,20.113319,0.575690,0.600685,-0.528546,-0.168519,126.000000
759,3U,4,No,Yes,10.622255,11.012325,-4.170183,-9.416836,-3.899240,-0.736917,0.639743,0.013001,0.217975,433.000000
760,3U,4,No,Yes,10.427863,9.734913,3.501260,8.938597,1.615917,-0.164188,-0.370703,-0.510091,0.758571,349.000000
761,3U,4,Yes,Yes,25.415149,8.150854,2.664785,1.692166,-7.514780,0.622138,-0.500160,0.596230,-0.085403,479.000000
762,3U,4,No,No,999.990000,34.365087,-33.565174,-5.272383,5.151727,-0.287389,0.040548,0.662212,-0.690825,103584958.000000
763,3U,4,Yes,Yes,5.557167,7.988403,0.042103,-7.564675,-2.566807,0.716725,-0.132448,-0.683790,0.034549,456.000000
764,3U,4,No,No,999.990000,26.053483,15.065139,-21.136780,2.249909,-0.318161,-0.649963,0.410902,-0.554510,103554904.000000
765,3U,4,Yes,No,999.990000,5.097302,-0.206355,3.823158,-3.365022,0.870162,0.343447,0.338497,0.101404,721.000000
766,3U,4,No,Yes,23.583626,28.335547,11.638024,25.206870,5.663333,0.735210,-0.662024,0.000785,0.145570,319.000000
767,3U,4,No,Yes,15.371362,27.951110,12.172871,-14.954163,20.235087,0.122848,0.297221,-0.941677,-0.099061,1687.000000
768,3U,4,Yes,Yes,10.622305,5.626204,0.365683,-1.471436,5.418056,-0.027324,-0.801893,-0.596681,-0.013899,345.000000
769,3U,4,Yes,Yes,10.748120,6.964218,3.535082,5.796241,1.551490,-0.224232,0.071827,0.865759,0.441614,893.000000
770,3U,4,No,Yes,20.696430,22.787478,-16.985025,10.552345,10.928225,0.316467,-0.265547,0.877879,-0.242202,64.000000
771,3U,4,Yes,Yes,6.999990,2.388324,-1.062742,-0.111479,-2.135942,0.588644,-0.081551,0.642559,-0.483700,967.000000
772,3U,4,No,Yes,10.207634,26.609170,1.204129,-12.102057,23.667239,0.139313,0.349685,0.243486,0.893883,1083.000000
773,3U,4,No,No,999.990000,34.582358,-11.233269,-19.197681,26.480223,-0.183540,0.416683,0.449293,0.768651,103648773.000000
774,3U,4,No,Yes,13.093549,14.805939,-6.030785,-8.089419,-10.835440,-0.373181,-0.906317,0.174469,-0.094271,113.000000
775,3U,4,No,No,999.990000,30.137969,-10.556910,27.773903,-5.045700,-0.607482,0.590175,0.398860,-0.351526,103623325.000000
776,3U,4,Yes,Yes,6.837087,6.652591,-6.015178,-1.756732,2.233495,-0.627511,0.399839,0.657361,-0.119307,711.000000
777,3U,4,Yes,Yes,2.124555,0.322485,-0.277965,-0.066923,0.149175,-0.992721,-0.001619,-0.109137,0.050897,2374.000000
778,3U,4,No,Yes,14.600842,24.998516,24.008632,-4.524710,-5.295128,0.580250,0.282657,-0.190609,-0.739650,155.000000
779,3U,4,No,No,999.990000,24.723296,-20.401881,12.857821,5.448034,-0.777233,0.063538,0.511172,-0.361353,103654449.000000
780,3U,4,Yes,Yes,7.412164,1.072166,1.007349,0.255564,0.263581,0.606734,-0.341614,0.464237,-0.547409,3955.000000
781,3U,4,No,Yes,7.543118,11.383420,0.260871,11.281528,-1.497105,-0.286434,0.695329,-0.215506,0.622921,373.000000
782,3U,4,No,No,999.990000,28.656537,-9.326684,-18.970205,-19.347905,0.658293,0.158348,-0.663157,-0.319059,110.000000
783,3U,4,Yes,Yes,13.318527,5.010009,3.144638,-2.482364,-3.008207,0.316036,-0.803952,0.200879,-0.461985,458.000000
784,3U,4,No,Yes,10.078325,15.599951,4.503513,11.346216,-9.712890,-0.892479,0.358389,-0.181152,0.205483,249.000000
785,3U,4,No,No,999.990000,24.394050,22.302617,-9.362340,-3.163786,-0.344539,0.298043,0.804884,0.380295,103577131.000000
786,3U,4,No,Yes,17.423553,21.823656,1.535304,16.038434,-14.720172,0.041599,0.570972,0.006857,0.819887,110.000000
787,3U,4,Yes,Yes,4.108968,5.851860,1.188388,-3.111570,4.811458,-0.636585,-0.521369,-0.137038,-0.551503,0.000000
788,3U,4,Yes,Yes,13.318376,1.594652,-1.241288,0.595316,0.804811,0.275468,-0.583086,0.743152,-0.178475,1340.000000
789,3U,4,Yes,Yes,1.223572,2.621500,0.466753,1.396352,2.169010,-0.673449,0.275400,0.615939,0.302060,977.000000
790,3U,4,No,No,999.990000,22.624688,-22.547649,1.812346,-0.442091,-0.313401,-0.819907,-0.243641,-0.412519,101892373.000000
791,3U,4,Yes,Yes,8.599751,4.480194,-2.726157,-2.696622,2.316988,-0.109750,-0.123382,0.633235,-0.756138,893.000000
792,3U,4,No,No,999.990000,26.764235,-0.433284,-21.828576,-15.480627,-0.681188,0.716914,0.045030,0.141380,103624310.000000
793,3U,4,No,Yes,10.669436,18.493206,14.782017,9.373949,-5.968228,0.025934,-0.447642,0.146854,-0.881690,254.000000
794,3U,4,No,Yes,8.375800,11.943781,-5.446231,-3.486258,-10.041836,-0.176291,0.812964,-0.272177,-0.483664,371.000000
795,3U,4,No,Yes,8.312818,22.733120,-5.501354,9.755350,19.782896,-0.208420,0.658982,0.498412,0.523344,176.000000
796,3U,4,No,Yes,20.988468,12.381513,9.674631,-0.404037,7.716225,0.588932,-0.525409,-0.508150,-0.344803,134.000000
797,3U,4,No,Yes,7.669700,14.452428,-3.334567,-13.929031,1.932724,0.008978,-0.166592,0.156715,0.973451,399.000000
798,3U,4,No,No,999.990000,14.747884,-4.857019,-0.925615,13.894340,0.737949,-0.248274,-0.068029,-0.623830,189.000000
799,3U,4,No,No,999.990000,19.388512,9.320071,-15.190202,7.635995,-0.608450,0.765853,-0.080156,0.191920,103620755.000000
800,3U,4,No,Yes,17.584686,18.154693,12.375812,-13.245869,0.989494,0.050276,-0.307406,-0.308120,0.898908,344.000000
801,3U,4,No,Yes,7.703606,13.794016,-11.613876,-5.588768,-4.915122,-0.956746,-0.187554,-0.118147,-0.188421,104.000000
